examples/bouss/crater_westport/etopo1_-137_-122_38_51_1min.asc
ncols        901
nrows        781
xllcorner    -137.000000000000
yllcorner    38.000000000000
cellsize     0.016666666667
nodata_value    -99999
[rows 560 to 594 of 781, columns 474 to 552 of 901]
-3305 -3324 -3340 -3349 -3345 -3329 -3303 -3272 -3242 -3213 -3189 -3171 -3163 -3161 -3164 -3168 -3169 -3168 -3163 -3156 -3147 -3137 -3129 -3125 -3128 -3135 -3146 -3158 -3167 -3175 -3180 -3182 -3184 -3184 -3183 -3182 -3179 -3175 -3173 -3174 -3180 -3188 -3196 -3205 -3215 -3226 -3236 -3237 -3217 -3185 -3149 -3111 -3075 -3048 -3038 -3043 -3060 -3085 -3110 -3135 -3155 -3167 -3166 -3149 -3123 -3122 -3177 -3229 -3222 -3182 -3144 -3123 -3124 -3139 -3153 -3157 -3143 -3112 -3062
-3291 -3299 -3316 -3328 -3329 -3320 -3299 -3273 -3247 -3221 -3199 -3184 -3178 -3180 -3184 -3188 -3188 -3185 -3178 -3168 -3157 -3145 -3136 -3130 -3132 -3136 -3146 -3156 -3168 -3179 -3191 -3202 -3211 -3219 -3223 -3227 -3224 -3222 -3216 -3213 -3212 -3217 -3222 -3233 -3245 -3260 -3257 -3249 -3220 -3184 -3155 -3124 -3095 -3073 -3062 -3063 -3074 -3092 -3123 -3155 -3176 -3190 -3190 -3189 -3189 -3212 -3238 -3260 -3221 -3163 -3128 -3111 -3124 -3146 -3161 -3165 -3148 -3116 -3065
-3280 -3286 -3296 -3303 -3308 -3306 -3295 -3276 -3253 -3228 -3208 -3194 -3190 -3193 -3200 -3206 -3208 -3206 -3199 -3189 -3177 -3165 -3155 -3148 -3147 -3150 -3158 -3169 -3182 -3196 -3210 -3222 -3234 -3244 -3252 -3257 -3257 -3254 -3248 -3242 -3238 -3238 -3241 -3248 -3257 -3262 -3255 -3241 -3220 -3196 -3171 -3145 -3121 -3101 -3089 -3085 -3090 -3106 -3132 -3161 -3183 -3198 -3205 -3213 -3228 -3250 -3266 -3262 -3219 -3163 -3124 -3112 -3127 -3151 -3164 -3161 -3141 -3106 -3054
-3274 -3277 -3282 -3283 -3291 -3295 -3292 -3280 -3258 -3234 -3212 -3198 -3196 -3201 -3210 -3220 -3224 -3225 -3220 -3213 -3201 -3190 -3178 -3169 -3168 -3171 -3179 -3190 -3202 -3216 -3227 -3238 -3247 -3256 -3266 -3273 -3275 -3273 -3268 -3261 -3256 -3252 -3252 -3254 -3258 -3256 -3245 -3228 -3218 -3208 -3188 -3167 -3146 -3127 -3112 -3105 -3106 -3117 -3138 -3160 -3180 -3197 -3208 -3221 -3239 -3254 -3266 -3258 -3209 -3158 -3123 -3113 -3135 -3160 -3163 -3150 -3123 -3083 -3025
-3271 -3278 -3277 -3278 -3284 -3290 -3290 -3281 -3261 -3236 -3213 -3197 -3194 -3201 -3213 -3226 -3234 -3238 -3237 -3232 -3223 -3210 -3196 -3187 -3186 -3193 -3203 -3215 -3224 -3232 -3237 -3242 -3247 -3254 -3264 -3273 -3277 -3277 -3273 -3268 -3262 -3260 -3259 -3260 -3261 -3256 -3243 -3227 -3215 -3206 -3196 -3183 -3166 -3146 -3127 -3116 -3117 -3127 -3140 -3154 -3167 -3182 -3200 -3220 -3236 -3246 -3245 -3225 -3183 -3142 -3123 -3127 -3146 -3163 -3159 -3135 -3095 -3042 -2981
-3257 -3264 -3262 -3274 -3283 -3289 -3289 -3283 -3266 -3240 -3210 -3188 -3183 -3195 -3213 -3231 -3240 -3244 -3245 -3246 -3241 -3228 -3205 -3192 -3193 -3211 -3229 -3242 -3245 -3241 -3235 -3233 -3229 -3235 -3244 -3258 -3264 -3266 -3262 -3260 -3257 -3259 -3261 -3264 -3267 -3263 -3250 -3231 -3215 -3201 -3195 -3192 -3176 -3159 -3133 -3115 -3117 -3130 -3136 -3143 -3147 -3158 -3183 -3210 -3226 -3229 -3221 -3196 -3158 -3121 -3123 -3138 -3155 -3166 -3152 -3119 -3067 -2999 -2927
-3220 -3202 -3227 -3264 -3283 -3287 -3287 -3283 -3273 -3249 -3208 -3173 -3167 -3184 -3213 -3237 -3242 -3240 -3246 -3254 -3255 -3238 -3202 -3175 -3186 -3219 -3253 -3271 -3261 -3239 -3222 -3208 -3196 -3194 -3208 -3226 -3235 -3237 -3236 -3236 -3240 -3248 -3258 -3268 -3274 -3274 -3265 -3246 -3221 -3199 -3189 -3182 -3176 -3159 -3130 -3106 -3106 -3116 -3121 -3121 -3123 -3135 -3163 -3194 -3211 -3213 -3201 -3177 -3147 -3125 -3128 -3142 -3154 -3156 -3140 -3103 -3043 -2964 -2872
-3195 -3139 -3199 -3265 -3283 -3283 -3284 -3281 -3279 -3265 -3211 -3160 -3161 -3179 -3217 -3249 -3245 -3233 -3247 -3260 -3265 -3252 -3199 -3151 -3179 -3224 -3267 -3294 -3269 -3230 -3208 -3185 -3164 -3148 -3167 -3190 -3198 -3201 -3204 -3207 -3219 -3234 -3251 -3267 -3277 -3283 -3276 -3263 -3233 -3202 -3194 -3180 -3181 -3162 -3126 -3088 -3092 -3103 -3105 -3102 -3103 -3110 -3143 -3177 -3190 -3193 -3181 -3165 -3142 -3128 -3131 -3143 -3147 -3142 -3123 -3085 -3020 -2935 -2830
-3218 -3187 -3211 -3255 -3277 -3283 -3284 -3283 -3278 -3261 -3223 -3189 -3182 -3197 -3225 -3248 -3252 -3249 -3257 -3266 -3266 -3249 -3210 -3181 -3193 -3228 -3262 -3278 -3263 -3232 -3204 -3177 -3150 -3132 -3136 -3150 -3161 -3170 -3178 -3189 -3204 -3221 -3240 -3257 -3270 -3277 -3275 -3265 -3247 -3230 -3224 -3218 -3198 -3167 -3127 -3096 -3087 -3091 -3094 -3095 -3097 -3106 -3126 -3148 -3161 -3163 -3157 -3147 -3135 -3127 -3129 -3134 -3137 -3128 -3104 -3059 -2991 -2907 -2808
-3258 -3234 -3239 -3261 -3274 -3280 -3283 -3282 -3277 -3263 -3240 -3221 -3214 -3222 -3240 -3256 -3263 -3265 -3269 -3271 -3267 -3252 -3226 -3206 -3210 -3229 -3248 -3257 -3248 -3227 -3201 -3175 -3142 -3120 -3112 -3118 -3131 -3147 -3162 -3178 -3196 -3214 -3233 -3248 -3260 -3266 -3267 -3262 -3252 -3246 -3241 -3243 -3195 -3157 -3112 -3091 -3080 -3084 -3087 -3092 -3094 -3101 -3111 -3122 -3131 -3133 -3134 -3131 -3130 -3127 -3131 -3130 -3132 -3119 -3084 -3031 -2953 -2872 -2784
-3275 -3264 -3261 -3268 -3274 -3278 -3280 -3280 -3276 -3268 -3257 -3247 -3244 -3248 -3257 -3268 -3275 -3279 -3279 -3276 -3268 -3253 -3233 -3219 -3215 -3223 -3231 -3235 -3229 -3212 -3188 -3160 -3130 -3106 -3096 -3099 -3114 -3135 -3157 -3178 -3198 -3217 -3234 -3247 -3255 -3258 -3257 -3250 -3240 -3228 -3212 -3186 -3139 -3094 -3068 -3061 -3064 -3071 -3078 -3084 -3088 -3092 -3097 -3102 -3107 -3112 -3118 -3124 -3132 -3140 -3146 -3147 -3139 -3114 -3066 -2994 -2906 -2814 -2738
-3280 -3271 -3269 -3272 -3272 -3276 -3278 -3279 -3278 -3275 -3270 -3266 -3266 -3269 -3274 -3280 -3284 -3287 -3284 -3277 -3263 -3247 -3223 -3209 -3203 -3209 -3213 -3216 -3208 -3193 -3169 -3142 -3116 -3095 -3088 -3092 -3113 -3138 -3164 -3187 -3210 -3228 -3243 -3252 -3256 -3253 -3247 -3235 -3219 -3195 -3169 -3124 -3079 -3027 -3027 -3034 -3049 -3061 -3070 -3075 -3077 -3078 -3079 -3082 -3086 -3094 -3105 -3120 -3138 -3156 -3167 -3171 -3157 -3123 -3064 -2978 -2880 -2773 -2695
-3278 -3275 -3264 -3258 -3263 -3273 -3278 -3278 -3278 -3278 -3276 -3276 -3278 -3281 -3284 -3287 -3288 -3286 -3280 -3266 -3245 -3219 -3191 -3173 -3175 -3186 -3195 -3195 -3188 -3171 -3150 -3127 -3107 -3095 -3095 -3106 -3128 -3154 -3181 -3206 -3229 -3247 -3258 -3262 -3259 -3251 -3237 -3220 -3198 -3172 -3141 -3103 -3062 -3029 -3025 -3035 -3048 -3057 -3062 -3063 -3060 -3057 -3055 -3056 -3062 -3073 -3091 -3114 -3140 -3166 -3185 -3192 -3181 -3148 -3088 -3005 -2900 -2788 -2695
-3277 -3274 -3253 -3237 -3254 -3275 -3281 -3279 -3278 -3278 -3278 -3280 -3282 -3285 -3287 -3288 -3286 -3281 -3270 -3252 -3224 -3190 -3156 -3131 -3150 -3172 -3189 -3188 -3180 -3157 -3138 -3117 -3106 -3102 -3111 -3128 -3150 -3176 -3201 -3226 -3247 -3264 -3270 -3270 -3261 -3246 -3227 -3204 -3180 -3154 -3129 -3105 -3074 -3055 -3055 -3060 -3064 -3062 -3058 -3051 -3043 -3035 -3030 -3029 -3037 -3052 -3075 -3104 -3138 -3171 -3201 -3214 -3212 -3186 -3127 -3056 -2955 -2849 -2748
-3274 -3267 -3246 -3234 -3253 -3278 -3287 -3284 -3280 -3277 -3277 -3279 -3281 -3283 -3285 -3285 -3281 -3273 -3259 -3237 -3205 -3169 -3138 -3126 -3146 -3178 -3203 -3209 -3192 -3163 -3136 -3117 -3111 -3117 -3130 -3149 -3169 -3192 -3214 -3236 -3255 -3268 -3272 -3267 -3254 -3235 -3212 -3189 -3166 -3143 -3121 -3104 -3095 -3096 -3103 -3106 -3094 -3076 -3058 -3042 -3028 -3016 -3008 -3007 -3015 -3032 -3058 -3091 -3130 -3172 -3212 -3241 -3249 -3224 -3176 -3099 -3022 -2941 -2860
-3276 -3268 -3245 -3230 -3256 -3288 -3292 -3288 -3282 -3276 -3276 -3276 -3277 -3278 -3279 -3279 -3275 -3266 -3251 -3228 -3197 -3162 -3139 -3130 -3155 -3192 -3222 -3235 -3202 -3164 -3130 -3116 -3119 -3134 -3150 -3168 -3184 -3201 -3219 -3237 -3251 -3260 -3259 -3252 -3235 -3214 -3191 -3169 -3151 -3134 -3116 -3104 -3113 -3131 -3143 -3151 -3122 -3090 -3063 -3039 -3018 -3001 -2991 -2988 -2995 -3011 -3038 -3072 -3111 -3156 -3204 -3253 -3296 -3287 -3271 -3170 -3099 -3018 -2944
-3279 -3269 -3254 -3248 -3263 -3283 -3292 -3291 -3286 -3280 -3276 -3274 -3273 -3273 -3274 -3274 -3271 -3263 -3249 -3227 -3200 -3173 -3154 -3150 -3166 -3196 -3225 -3230 -3190 -3139 -3110 -3107 -3124 -3149 -3168 -3182 -3193 -3204 -3215 -3226 -3233 -3236 -3232 -3220 -3201 -3180 -3159 -3142 -3130 -3122 -3114 -3112 -3124 -3141 -3155 -3156 -3135 -3103 -3071 -3042 -3015 -2993 -2978 -2972 -2975 -2989 -3012 -3043 -3078 -3117 -3163 -3233 -3331 -3417 -3415 -3334 -3173 -3015 -2930
-3283 -3274 -3265 -3261 -3270 -3282 -3288 -3290 -3288 -3283 -3274 -3268 -3266 -3269 -3271 -3271 -3269 -3263 -3249 -3231 -3207 -3186 -3165 -3159 -3162 -3180 -3203 -3214 -3160 -3100 -3086 -3096 -3130 -3166 -3184 -3192 -3198 -3200 -3203 -3204 -3203 -3201 -3191 -3179 -3158 -3137 -3117 -3104 -3099 -3102 -3103 -3110 -3122 -3136 -3152 -3153 -3141 -3111 -3081 -3048 -3017 -2990 -2970 -2958 -2956 -2964 -2980 -3003 -3027 -3057 -3082 -3136 -3238 -3409 -3416 -3420 -3179 -2936 -2857
-3279 -3275 -3272 -3273 -3276 -3281 -3284 -3286 -3286 -3280 -3266 -3255 -3258 -3267 -3271 -3272 -3270 -3263 -3250 -3231 -3207 -3182 -3159 -3144 -3137 -3141 -3151 -3149 -3121 -3089 -3078 -3094 -3136 -3180 -3199 -3202 -3199 -3193 -3182 -3172 -3163 -3154 -3144 -3129 -3110 -3089 -3070 -3057 -3054 -3061 -3074 -3093 -3108 -3126 -3145 -3156 -3148 -3125 -3091 -3055 -3021 -2991 -2967 -2948 -2938 -2935 -2939 -2947 -2956 -2965 -2968 -2959 -2937 -2970 -3092 -3174 -3064 -2894 -2788
-3270 -3267 -3271 -3280 -3282 -3282 -3282 -3282 -3284 -3279 -3257 -3238 -3251 -3268 -3273 -3273 -3270 -3263 -3248 -3227 -3199 -3170 -3141 -3116 -3101 -3092 -3094 -3091 -3089 -3085 -3083 -3096 -3147 -3197 -3208 -3205 -3194 -3179 -3152 -3133 -3119 -3112 -3103 -3088 -3071 -3048 -3027 -3008 -3000 -3005 -3026 -3057 -3075 -3098 -3123 -3147 -3136 -3122 -3087 -3056 -3023 -2995 -2966 -2942 -2922 -2907 -2897 -2888 -2878 -2862 -2842 -2777 -2598 -2433 -2655 -2861 -2846 -2777 -2708
-3254 -3247 -3260 -3278 -3287 -3287 -3284 -3282 -3281 -3273 -3254 -3241 -3250 -3266 -3273 -3273 -3269 -3260 -3243 -3218 -3187 -3153 -3120 -3090 -3069 -3057 -3056 -3062 -3074 -3088 -3103 -3126 -3161 -3193 -3205 -3200 -3180 -3151 -3116 -3090 -3085 -3086 -3083 -3071 -3052 -3027 -2999 -2971 -2948 -2942 -2959 -2989 -3020 -3049 -3074 -3089 -3088 -3077 -3062 -3044 -3022 -2997 -2969 -2941 -2914 -2889 -2864 -2837 -2809 -2772 -2714 -2600 -2423 -2292 -2342 -2455 -2553 -2603 -2618
-3239 -3219 -3245 -3278 -3290 -3291 -3288 -3282 -3281 -3274 -3254 -3241 -3251 -3268 -3271 -3269 -3266 -3257 -3237 -3209 -3175 -3137 -3100 -3068 -3046 -3035 -3038 -3054 -3076 -3103 -3131 -3159 -3180 -3195 -3203 -3196 -3169 -3132 -3097 -3067 -3084 -3094 -3093 -3077 -3056 -3029 -2990 -2952 -2906 -2883 -2896 -2925 -2965 -2997 -3023 -3032 -3038 -3030 -3039 -3037 -3027 -3005 -2978 -2946 -2914 -2880 -2842 -2799 -2755 -2697 -2625 -2516 -2376 -2259 -2195 -2179 -2328 -2444 -2521
-3234 -3220 -3239 -3269 -3288 -3295 -3294 -3289 -3284 -3274 -3256 -3244 -3250 -3263 -3266 -3263 -3260 -3252 -3233 -3203 -3166 -3125 -3087 -3055 -3035 -3028 -3038 -3061 -3093 -3129 -3163 -3189 -3206 -3213 -3212 -3198 -3171 -3139 -3118 -3114 -3133 -3147 -3132 -3104 -3082 -3053 -3008 -2948 -2893 -2855 -2863 -2892 -2932 -2967 -2993 -3010 -3020 -3029 -3044 -3053 -3046 -3026 -2996 -2960 -2923 -2881 -2835 -2784 -2729 -2664 -2587 -2495 -2394 -2299 -2224 -2208 -2276 -2365 -2425
-3238 -3223 -3240 -3266 -3283 -3294 -3294 -3293 -3289 -3280 -3260 -3243 -3252 -3263 -3260 -3254 -3255 -3251 -3235 -3204 -3164 -3118 -3080 -3051 -3038 -3038 -3058 -3086 -3128 -3167 -3203 -3226 -3242 -3244 -3239 -3220 -3197 -3170 -3167 -3177 -3201 -3222 -3186 -3146 -3139 -3118 -3077 -2999 -2939 -2868 -2873 -2889 -2921 -2956 -2985 -3011 -3030 -3047 -3069 -3083 -3074 -3052 -3020 -2981 -2940 -2894 -2844 -2787 -2726 -2659 -2586 -2514 -2436 -2373 -2314 -2309 -2303 -2336 -2341
-3252 -3245 -3252 -3264 -3274 -3281 -3287 -3290 -3290 -3284 -3271 -3260 -3260 -3261 -3255 -3250 -3254 -3255 -3244 -3215 -3168 -3120 -3082 -3061 -3057 -3070 -3099 -3137 -3179 -3218 -3251 -3275 -3289 -3292 -3284 -3267 -3247 -3231 -3230 -3239 -3250 -3253 -3238 -3226 -3231 -3233 -3206 -3148 -3064 -2983 -2930 -2914 -2926 -2958 -2993 -3026 -3054 -3079 -3099 -3109 -3101 -3080 -3048 -3010 -2966 -2918 -2866 -2807 -2742 -2672 -2602 -2534 -2469 -2413 -2367 -2338 -2311 -2293 -2267
-3270 -3269 -3269 -3269 -3268 -3268 -3276 -3283 -3286 -3287 -3281 -3275 -3271 -3265 -3252 -3244 -3252 -3261 -3249 -3223 -3165 -3115 -3084 -3077 -3086 -3110 -3147 -3192 -3230 -3268 -3297 -3320 -3333 -3338 -3328 -3316 -3296 -3286 -3280 -3284 -3283 -3280 -3286 -3298 -3324 -3351 -3331 -3296 -3173 -3076 -2969 -2932 -2936 -2978 -3017 -3054 -3085 -3111 -3126 -3133 -3119 -3100 -3070 -3037 -2993 -2945 -2892 -2834 -2764 -2693 -2622 -2556 -2493 -2437 -2390 -2345 -2309 -2268 -2222
-3290 -3291 -3286 -3278 -3271 -3267 -3270 -3275 -3278 -3281 -3284 -3285 -3279 -3267 -3251 -3243 -3250 -3255 -3237 -3198 -3143 -3098 -3085 -3095 -3117 -3149 -3187 -3228 -3265 -3298 -3325 -3346 -3358 -3361 -3353 -3339 -3321 -3307 -3300 -3299 -3302 -3312 -3331 -3357 -3385 -3401 -3383 -3315 -3179 -3038 -2942 -2909 -2946 -3005 -3055 -3089 -3115 -3134 -3144 -3141 -3126 -3102 -3080 -3053 -3014 -2967 -2913 -2853 -2784 -2711 -2641 -2574 -2513 -2458 -2410 -2365 -2324 -2279 -2228
-3304 -3307 -3300 -3289 -3280 -3272 -3270 -3271 -3270 -3271 -3280 -3288 -3284 -3273 -3253 -3238 -3249 -3254 -3223 -3173 -3123 -3081 -3091 -3116 -3143 -3177 -3211 -3248 -3278 -3307 -3330 -3351 -3360 -3363 -3353 -3338 -3316 -3298 -3286 -3289 -3303 -3331 -3361 -3394 -3416 -3417 -3396 -3311 -3142 -2959 -2907 -2897 -2993 -3070 -3114 -3128 -3142 -3151 -3156 -3148 -3134 -3105 -3093 -3068 -3030 -2981 -2926 -2866 -2795 -2724 -2654 -2591 -2533 -2481 -2437 -2396 -2366 -2331 -2301
-3305 -3307 -3306 -3301 -3292 -3282 -3275 -3271 -3267 -3266 -3271 -3278 -3281 -3277 -3261 -3249 -3254 -3251 -3216 -3166 -3127 -3108 -3114 -3135 -3158 -3184 -3213 -3243 -3269 -3292 -3311 -3326 -3335 -3336 -3328 -3311 -3285 -3261 -3245 -3250 -3280 -3325 -3369 -3406 -3428 -3431 -3404 -3307 -3128 -2967 -2935 -2999 -3096 -3175 -3188 -3172 -3165 -3166 -3167 -3165 -3156 -3142 -3119 -3085 -3040 -2987 -2930 -2867 -2798 -2729 -2665 -2607 -2556 -2512 -2476 -2450 -2438 -2436 -2441
-3296 -3296 -3301 -3308 -3302 -3293 -3287 -3277 -3270 -3264 -3262 -3264 -3275 -3282 -3267 -3254 -3265 -3264 -3218 -3165 -3143 -3141 -3143 -3155 -3168 -3183 -3207 -3228 -3248 -3264 -3276 -3285 -3290 -3292 -3285 -3270 -3241 -3212 -3191 -3196 -3247 -3313 -3365 -3402 -3421 -3426 -3415 -3342 -3136 -2956 -2950 -3073 -3167 -3276 -3250 -3199 -3184 -3178 -3161 -3161 -3157 -3168 -3137 -3098 -3046 -2987 -2928 -2864 -2797 -2732 -2677 -2628 -2587 -2551 -2524 -2510 -2517 -2542 -2587
-3279 -3279 -3286 -3296 -3305 -3309 -3303 -3291 -3278 -3267 -3260 -3258 -3265 -3271 -3271 -3272 -3278 -3268 -3224 -3178 -3160 -3161 -3165 -3170 -3178 -3188 -3203 -3217 -3227 -3232 -3235 -3236 -3237 -3236 -3234 -3222 -3197 -3166 -3146 -3158 -3223 -3300 -3357 -3389 -3404 -3410 -3409 -3338 -3151 -2966 -2904 -2966 -3114 -3247 -3265 -3230 -3204 -3175 -3130 -3097 -3109 -3132 -3126 -3094 -3046 -2988 -2923 -2858 -2797 -2743 -2698 -2660 -2626 -2597 -2575 -2568 -2581 -2615 -2667
-3263 -3263 -3270 -3279 -3297 -3316 -3312 -3304 -3291 -3275 -3264 -3257 -3258 -3261 -3269 -3279 -3286 -3280 -3231 -3181 -3170 -3176 -3180 -3184 -3187 -3192 -3203 -3212 -3215 -3208 -3205 -3195 -3193 -3187 -3190 -3184 -3167 -3142 -3131 -3137 -3222 -3308 -3361 -3382 -3387 -3376 -3394 -3361 -3170 -2964 -2868 -2844 -3043 -3219 -3253 -3230 -3222 -3192 -3115 -3031 -3063 -3096 -3103 -3083 -3040 -2983 -2917 -2855 -2804 -2761 -2728 -2699 -2671 -2645 -2618 -2604 -2605 -2645 -2663
-3258 -3261 -3265 -3271 -3279 -3290 -3302 -3310 -3304 -3291 -3276 -3264 -3259 -3258 -3263 -3271 -3279 -3269 -3232 -3191 -3173 -3175 -3188 -3198 -3196 -3194 -3205 -3217 -3218 -3210 -3198 -3185 -3175 -3168 -3166 -3164 -3159 -3156 -3163 -3193 -3256 -3326 -3374 -3395 -3392 -3377 -3363 -3308 -3183 -3041 -2950 -2944 -3049 -3168 -3226 -3240 -3242 -3218 -3155 -3093 -3071 -3075 -3084 -3073 -3029 -2966 -2909 -2860 -2823 -2793 -2768 -2743 -2715 -2683 -2645 -2604 -2564 -2548 -2602
-3258 -3264 -3266 -3267 -3262 -3259 -3285 -3309 -3310 -3304 -3290 -3276 -3267 -3261 -3259 -3258 -3268 -3263 -3227 -3189 -3174 -3173 -3195 -3213 -3200 -3189 -3205 -3226 -3225 -3219 -3204 -3190 -3174 -3162 -3156 -3157 -3164 -3183 -3206 -3249 -3293 -3347 -3386 -3409 -3397 -3370 -3334 -3276 -3201 -3126 -3068 -3070 -3104 -3164 -3208 -3234 -3251 -3252 -3202 -3158 -3100 -3071 -3081 -3077 -3021 -2945 -2906 -2874 -2853 -2832 -2811 -2785 -2753 -2712 -2661 -2597 -2522 -2467 -2523
-3260 -3266 -3268 -3266 -3260 -3258 -3272 -3289 -3301 -3305 -3300 -3291 -3280 -3269 -3262 -3259 -3260 -3249 -3216 -3184 -3178 -3188 -3204 -3210 -3199 -3190 -3202 -3220 -3225 -3221 -3212 -3199 -3181 -3164 -3153 -3153 -3167 -3192 -3225 -3264 -3302 -3340 -3374 -3395 -3386 -3360 -3320 -3272 -3224 -3182 -3154 -3148 -3158 -3182 -3208 -3229 -3242 -3237 -3206 -3163 -3118 -3092 -3094 -3081 -3017 -2948 -2913 -2904 -2891 -2873 -2847 -2816 -2779 -2732 -2671 -2597 -2519 -2472 -2515
