examples/bouss/crater_westport/etopo1_-137_-122_38_51_1min.asc
ncols        901
nrows        781
xllcorner    -137.000000000000
yllcorner    38.000000000000
cellsize     0.016666666667
nodata_value    -99999
[rows 245 to 279 of 781, columns 474 to 552 of 901]
-2590 -2586 -2606 -2622 -2666 -2704 -2713 -2710 -2684 -2653 -2641 -2632 -2652 -2660 -2668 -2661 -2655 -2652 -2683 -2718 -2734 -2747 -2774 -2789 -2779 -2758 -2746 -2736 -2748 -2752 -2735 -2713 -2709 -2706 -2707 -2706 -2713 -2719 -2726 -2716 -2667 -2614 -2537 -2525 -2519 -2587 -2628 -2680 -2697 -2704 -2708 -2712 -2721 -2731 -2745 -2753 -2746 -2731 -2713 -2697 -2701 -2708 -2708 -2705 -2709 -2713 -2715 -2714 -2706 -2695 -2691 -2686 -2688 -2685 -2676 -2664 -2661 -2659 -2673
-2617 -2636 -2654 -2672 -2692 -2707 -2707 -2696 -2679 -2663 -2660 -2667 -2684 -2700 -2703 -2700 -2691 -2692 -2707 -2729 -2744 -2759 -2777 -2791 -2791 -2784 -2773 -2766 -2765 -2763 -2754 -2741 -2732 -2724 -2718 -2716 -2719 -2725 -2726 -2697 -2613 -2489 -2359 -2278 -2309 -2409 -2532 -2633 -2683 -2700 -2709 -2716 -2722 -2729 -2740 -2750 -2752 -2745 -2727 -2711 -2710 -2714 -2713 -2711 -2712 -2716 -2718 -2718 -2712 -2705 -2699 -2696 -2696 -2694 -2686 -2676 -2670 -2670 -2678
-2635 -2679 -2691 -2712 -2706 -2703 -2698 -2686 -2679 -2676 -2684 -2705 -2715 -2736 -2729 -2731 -2719 -2723 -2726 -2739 -2750 -2764 -2773 -2787 -2791 -2798 -2788 -2785 -2772 -2769 -2765 -2765 -2754 -2745 -2732 -2725 -2723 -2724 -2725 -2691 -2582 -2409 -2237 -2072 -2158 -2272 -2459 -2604 -2670 -2693 -2711 -2721 -2726 -2729 -2736 -2743 -2753 -2759 -2741 -2724 -2721 -2723 -2718 -2716 -2716 -2718 -2721 -2722 -2717 -2714 -2706 -2706 -2702 -2705 -2695 -2692 -2687 -2690 -2694
-2625 -2659 -2677 -2688 -2697 -2701 -2698 -2691 -2686 -2686 -2692 -2702 -2709 -2714 -2713 -2711 -2712 -2718 -2727 -2737 -2744 -2751 -2756 -2762 -2768 -2773 -2771 -2766 -2759 -2756 -2761 -2766 -2762 -2752 -2738 -2727 -2723 -2724 -2723 -2692 -2605 -2467 -2307 -2196 -2219 -2324 -2468 -2593 -2666 -2699 -2718 -2727 -2731 -2733 -2736 -2740 -2746 -2750 -2747 -2740 -2730 -2722 -2718 -2717 -2717 -2718 -2720 -2720 -2717 -2712 -2706 -2702 -2701 -2700 -2698 -2697 -2699 -2703 -2706
-2604 -2628 -2646 -2652 -2685 -2704 -2706 -2700 -2696 -2694 -2691 -2687 -2687 -2682 -2685 -2682 -2697 -2707 -2724 -2734 -2738 -2738 -2740 -2738 -2743 -2741 -2745 -2740 -2739 -2736 -2750 -2761 -2763 -2755 -2742 -2726 -2721 -2719 -2721 -2707 -2658 -2588 -2465 -2394 -2385 -2454 -2537 -2623 -2678 -2708 -2727 -2735 -2738 -2738 -2738 -2737 -2737 -2737 -2747 -2752 -2739 -2722 -2720 -2718 -2717 -2717 -2717 -2717 -2716 -2713 -2715 -2711 -2717 -2712 -2721 -2713 -2714 -2711 -2710
-2595 -2614 -2638 -2664 -2693 -2713 -2714 -2709 -2707 -2704 -2694 -2683 -2678 -2677 -2679 -2686 -2701 -2717 -2731 -2738 -2742 -2742 -2743 -2740 -2736 -2731 -2731 -2730 -2730 -2733 -2742 -2754 -2761 -2761 -2751 -2737 -2726 -2720 -2719 -2715 -2695 -2656 -2594 -2548 -2538 -2568 -2616 -2668 -2705 -2728 -2739 -2744 -2744 -2743 -2740 -2736 -2732 -2733 -2744 -2752 -2748 -2738 -2729 -2723 -2719 -2716 -2715 -2717 -2723 -2733 -2749 -2762 -2773 -2777 -2781 -2771 -2741 -2713 -2707
-2603 -2615 -2645 -2681 -2704 -2724 -2719 -2712 -2717 -2719 -2708 -2689 -2687 -2687 -2690 -2700 -2718 -2738 -2749 -2752 -2758 -2757 -2760 -2756 -2744 -2731 -2728 -2730 -2730 -2733 -2738 -2746 -2756 -2764 -2757 -2747 -2732 -2720 -2718 -2719 -2714 -2703 -2673 -2650 -2644 -2660 -2684 -2717 -2734 -2747 -2749 -2749 -2747 -2746 -2741 -2737 -2730 -2728 -2737 -2750 -2752 -2751 -2740 -2729 -2722 -2717 -2713 -2717 -2732 -2758 -2795 -2826 -2840 -2845 -2845 -2834 -2765 -2705 -2703
-2630 -2640 -2655 -2676 -2699 -2716 -2717 -2716 -2726 -2735 -2731 -2720 -2711 -2706 -2706 -2716 -2735 -2757 -2772 -2781 -2785 -2786 -2784 -2776 -2758 -2740 -2731 -2729 -2730 -2732 -2735 -2739 -2745 -2750 -2753 -2750 -2738 -2725 -2718 -2716 -2716 -2714 -2707 -2700 -2701 -2709 -2724 -2739 -2748 -2752 -2751 -2748 -2745 -2742 -2739 -2734 -2728 -2725 -2729 -2737 -2746 -2751 -2746 -2737 -2728 -2719 -2712 -2716 -2739 -2781 -2831 -2874 -2885 -2882 -2868 -2836 -2772 -2716 -2706
-2655 -2664 -2663 -2667 -2690 -2708 -2709 -2710 -2725 -2745 -2746 -2746 -2731 -2722 -2717 -2726 -2747 -2773 -2788 -2802 -2800 -2803 -2795 -2790 -2765 -2745 -2734 -2730 -2730 -2732 -2734 -2735 -2735 -2734 -2746 -2753 -2746 -2731 -2720 -2711 -2711 -2712 -2716 -2717 -2726 -2733 -2744 -2750 -2754 -2753 -2750 -2745 -2742 -2738 -2737 -2734 -2731 -2727 -2729 -2730 -2744 -2751 -2751 -2744 -2734 -2724 -2713 -2713 -2740 -2784 -2835 -2889 -2879 -2869 -2847 -2820 -2761 -2712 -2710
-2659 -2666 -2670 -2677 -2690 -2700 -2701 -2701 -2711 -2726 -2736 -2740 -2732 -2723 -2720 -2729 -2749 -2771 -2783 -2788 -2787 -2785 -2780 -2773 -2758 -2744 -2735 -2732 -2732 -2734 -2736 -2736 -2734 -2736 -2745 -2753 -2753 -2744 -2727 -2712 -2708 -2711 -2719 -2728 -2740 -2750 -2755 -2756 -2756 -2754 -2750 -2746 -2743 -2741 -2740 -2740 -2740 -2742 -2748 -2753 -2755 -2755 -2756 -2752 -2740 -2727 -2719 -2720 -2735 -2759 -2788 -2809 -2809 -2798 -2787 -2768 -2740 -2717 -2715
-2653 -2663 -2674 -2686 -2695 -2701 -2697 -2690 -2695 -2701 -2713 -2721 -2717 -2714 -2719 -2728 -2750 -2766 -2768 -2763 -2762 -2756 -2757 -2751 -2747 -2739 -2736 -2734 -2735 -2737 -2738 -2739 -2737 -2739 -2744 -2752 -2757 -2756 -2734 -2713 -2709 -2713 -2721 -2732 -2748 -2760 -2761 -2758 -2756 -2754 -2750 -2748 -2745 -2745 -2743 -2746 -2748 -2756 -2769 -2782 -2775 -2762 -2762 -2760 -2746 -2731 -2727 -2728 -2729 -2730 -2737 -2727 -2736 -2723 -2731 -2724 -2722 -2716 -2717
-2650 -2662 -2677 -2691 -2701 -2705 -2700 -2693 -2689 -2689 -2692 -2694 -2697 -2705 -2722 -2742 -2754 -2758 -2754 -2747 -2745 -2744 -2744 -2743 -2741 -2739 -2737 -2737 -2739 -2740 -2740 -2738 -2737 -2737 -2738 -2742 -2748 -2748 -2735 -2720 -2713 -2716 -2724 -2737 -2750 -2760 -2761 -2759 -2755 -2752 -2748 -2745 -2743 -2742 -2742 -2744 -2749 -2760 -2779 -2793 -2791 -2780 -2766 -2756 -2751 -2746 -2739 -2733 -2730 -2727 -2723 -2717 -2715 -2714 -2715 -2716 -2717 -2718 -2719
-2650 -2663 -2679 -2693 -2705 -2712 -2708 -2700 -2692 -2685 -2680 -2676 -2683 -2695 -2724 -2754 -2757 -2753 -2746 -2738 -2740 -2742 -2742 -2742 -2741 -2740 -2740 -2740 -2742 -2743 -2741 -2737 -2736 -2734 -2733 -2731 -2736 -2739 -2733 -2725 -2719 -2719 -2727 -2740 -2749 -2756 -2757 -2756 -2754 -2752 -2750 -2747 -2746 -2744 -2745 -2745 -2748 -2756 -2774 -2793 -2790 -2785 -2762 -2747 -2753 -2761 -2749 -2736 -2734 -2736 -2731 -2731 -2726 -2729 -2723 -2723 -2720 -2720 -2720
-2652 -2666 -2681 -2695 -2707 -2715 -2715 -2710 -2701 -2692 -2683 -2680 -2684 -2698 -2722 -2743 -2752 -2752 -2749 -2745 -2744 -2745 -2745 -2744 -2742 -2741 -2741 -2742 -2744 -2745 -2742 -2740 -2738 -2736 -2733 -2730 -2729 -2730 -2730 -2729 -2724 -2722 -2729 -2738 -2744 -2748 -2749 -2751 -2753 -2756 -2759 -2762 -2764 -2763 -2762 -2759 -2755 -2754 -2758 -2762 -2762 -2756 -2746 -2742 -2751 -2760 -2756 -2747 -2741 -2738 -2737 -2737 -2736 -2735 -2731 -2728 -2725 -2723 -2722
-2654 -2669 -2682 -2694 -2707 -2717 -2720 -2718 -2708 -2700 -2690 -2690 -2693 -2704 -2720 -2734 -2748 -2753 -2754 -2753 -2750 -2749 -2747 -2746 -2744 -2742 -2742 -2743 -2745 -2746 -2744 -2742 -2740 -2740 -2738 -2736 -2732 -2729 -2735 -2739 -2734 -2727 -2733 -2739 -2740 -2742 -2746 -2752 -2760 -2769 -2779 -2787 -2793 -2795 -2792 -2785 -2774 -2760 -2750 -2736 -2734 -2727 -2730 -2734 -2746 -2759 -2760 -2756 -2749 -2741 -2740 -2741 -2742 -2741 -2740 -2736 -2731 -2728 -2724
-2656 -2669 -2681 -2693 -2706 -2716 -2721 -2719 -2710 -2699 -2693 -2693 -2700 -2713 -2727 -2739 -2750 -2755 -2755 -2753 -2750 -2748 -2747 -2745 -2743 -2742 -2742 -2743 -2744 -2744 -2744 -2743 -2742 -2742 -2745 -2747 -2748 -2748 -2752 -2753 -2751 -2747 -2743 -2741 -2741 -2745 -2755 -2767 -2781 -2795 -2809 -2821 -2831 -2835 -2833 -2823 -2808 -2787 -2765 -2744 -2732 -2725 -2727 -2734 -2742 -2751 -2762 -2765 -2758 -2747 -2743 -2744 -2748 -2752 -2753 -2750 -2744 -2735 -2728
-2654 -2667 -2676 -2688 -2703 -2717 -2724 -2722 -2714 -2701 -2698 -2697 -2709 -2723 -2735 -2747 -2752 -2755 -2751 -2746 -2744 -2744 -2743 -2743 -2742 -2742 -2743 -2743 -2745 -2744 -2745 -2745 -2745 -2746 -2755 -2765 -2776 -2781 -2786 -2779 -2775 -2767 -2755 -2750 -2761 -2768 -2790 -2802 -2822 -2834 -2853 -2864 -2877 -2881 -2881 -2870 -2854 -2828 -2799 -2769 -2746 -2734 -2731 -2738 -2748 -2754 -2770 -2776 -2765 -2753 -2748 -2747 -2753 -2762 -2768 -2770 -2771 -2758 -2748
-2647 -2657 -2667 -2681 -2701 -2720 -2731 -2733 -2728 -2720 -2715 -2716 -2722 -2730 -2739 -2746 -2748 -2746 -2741 -2736 -2734 -2735 -2737 -2739 -2741 -2743 -2746 -2747 -2749 -2749 -2748 -2748 -2750 -2757 -2771 -2791 -2812 -2829 -2836 -2826 -2800 -2774 -2765 -2777 -2805 -2835 -2855 -2869 -2881 -2895 -2907 -2919 -2927 -2932 -2931 -2923 -2906 -2879 -2840 -2799 -2765 -2742 -2733 -2743 -2772 -2795 -2791 -2775 -2768 -2765 -2756 -2749 -2753 -2765 -2781 -2798 -2812 -2815 -2796
-2643 -2652 -2663 -2674 -2700 -2725 -2738 -2745 -2742 -2738 -2734 -2733 -2732 -2735 -2739 -2742 -2739 -2734 -2728 -2724 -2724 -2727 -2733 -2737 -2743 -2746 -2749 -2750 -2750 -2751 -2748 -2749 -2755 -2767 -2786 -2812 -2840 -2868 -2874 -2868 -2815 -2769 -2768 -2796 -2841 -2897 -2908 -2923 -2926 -2940 -2944 -2956 -2957 -2963 -2960 -2959 -2943 -2921 -2874 -2826 -2784 -2753 -2736 -2743 -2796 -2845 -2811 -2767 -2768 -2777 -2763 -2750 -2752 -2764 -2784 -2814 -2843 -2867 -2839
-2650 -2661 -2671 -2683 -2703 -2724 -2740 -2748 -2749 -2746 -2741 -2738 -2736 -2735 -2736 -2735 -2729 -2722 -2716 -2714 -2719 -2726 -2735 -2743 -2749 -2751 -2749 -2746 -2742 -2740 -2740 -2746 -2757 -2773 -2794 -2820 -2847 -2869 -2874 -2857 -2811 -2770 -2765 -2792 -2838 -2884 -2909 -2921 -2927 -2933 -2937 -2942 -2944 -2948 -2950 -2951 -2942 -2923 -2887 -2844 -2802 -2767 -2747 -2755 -2800 -2834 -2815 -2780 -2768 -2769 -2768 -2762 -2756 -2757 -2775 -2805 -2838 -2857 -2843
-2661 -2674 -2681 -2692 -2707 -2723 -2735 -2743 -2741 -2740 -2735 -2733 -2732 -2732 -2731 -2729 -2723 -2715 -2712 -2711 -2721 -2731 -2742 -2751 -2753 -2753 -2743 -2735 -2721 -2719 -2723 -2738 -2754 -2773 -2792 -2813 -2832 -2846 -2846 -2831 -2792 -2757 -2755 -2775 -2816 -2853 -2879 -2890 -2895 -2896 -2898 -2900 -2901 -2905 -2910 -2915 -2914 -2905 -2881 -2849 -2814 -2782 -2757 -2753 -2791 -2824 -2806 -2777 -2765 -2763 -2771 -2775 -2761 -2749 -2760 -2781 -2808 -2826 -2818
-2666 -2674 -2683 -2694 -2707 -2720 -2725 -2724 -2719 -2715 -2715 -2719 -2724 -2727 -2728 -2726 -2723 -2720 -2720 -2723 -2731 -2740 -2748 -2752 -2751 -2743 -2728 -2709 -2692 -2686 -2701 -2724 -2746 -2765 -2782 -2795 -2804 -2807 -2803 -2789 -2766 -2748 -2746 -2763 -2795 -2826 -2846 -2853 -2852 -2848 -2845 -2844 -2846 -2849 -2856 -2864 -2870 -2870 -2860 -2841 -2815 -2789 -2768 -2762 -2777 -2791 -2786 -2772 -2763 -2763 -2771 -2776 -2767 -2755 -2752 -2758 -2772 -2781 -2779
-2668 -2671 -2680 -2691 -2705 -2715 -2711 -2703 -2694 -2687 -2696 -2705 -2716 -2723 -2727 -2727 -2729 -2730 -2733 -2738 -2742 -2748 -2751 -2752 -2748 -2736 -2719 -2694 -2679 -2665 -2692 -2718 -2740 -2755 -2767 -2772 -2774 -2768 -2764 -2752 -2744 -2736 -2739 -2751 -2780 -2808 -2822 -2822 -2817 -2804 -2800 -2795 -2798 -2799 -2807 -2814 -2825 -2832 -2831 -2824 -2806 -2789 -2771 -2763 -2764 -2767 -2766 -2761 -2759 -2761 -2768 -2776 -2770 -2761 -2751 -2742 -2747 -2747 -2749
-2669 -2673 -2679 -2688 -2699 -2704 -2698 -2686 -2679 -2679 -2688 -2700 -2712 -2721 -2729 -2735 -2739 -2743 -2744 -2745 -2746 -2749 -2751 -2752 -2749 -2742 -2731 -2717 -2705 -2702 -2712 -2728 -2740 -2748 -2753 -2754 -2752 -2746 -2740 -2734 -2730 -2731 -2737 -2750 -2771 -2794 -2811 -2815 -2803 -2786 -2779 -2776 -2778 -2779 -2780 -2783 -2792 -2799 -2801 -2796 -2788 -2777 -2768 -2761 -2758 -2756 -2755 -2754 -2754 -2756 -2760 -2764 -2767 -2766 -2757 -2748 -2745 -2745 -2745
-2672 -2676 -2680 -2686 -2696 -2700 -2690 -2676 -2675 -2680 -2691 -2703 -2713 -2721 -2731 -2740 -2744 -2750 -2747 -2746 -2746 -2748 -2753 -2756 -2757 -2755 -2752 -2750 -2743 -2745 -2740 -2743 -2741 -2741 -2738 -2737 -2731 -2729 -2721 -2721 -2718 -2725 -2734 -2750 -2765 -2784 -2806 -2821 -2805 -2784 -2781 -2780 -2782 -2780 -2776 -2770 -2778 -2781 -2783 -2776 -2773 -2765 -2765 -2761 -2761 -2757 -2756 -2753 -2755 -2754 -2755 -2753 -2764 -2771 -2764 -2758 -2753 -2755 -2752
-2676 -2680 -2684 -2690 -2698 -2701 -2693 -2683 -2682 -2688 -2699 -2711 -2718 -2724 -2728 -2733 -2737 -2740 -2742 -2743 -2747 -2753 -2761 -2767 -2770 -2770 -2768 -2766 -2762 -2758 -2751 -2744 -2736 -2729 -2721 -2714 -2707 -2701 -2698 -2697 -2702 -2711 -2726 -2743 -2761 -2780 -2800 -2813 -2812 -2806 -2802 -2801 -2799 -2797 -2790 -2786 -2785 -2787 -2785 -2781 -2775 -2770 -2771 -2773 -2772 -2770 -2767 -2765 -2764 -2764 -2761 -2761 -2764 -2767 -2764 -2760 -2756 -2755 -2754
-2681 -2684 -2689 -2695 -2703 -2708 -2699 -2691 -2690 -2697 -2706 -2717 -2720 -2724 -2721 -2721 -2725 -2729 -2735 -2740 -2750 -2760 -2771 -2780 -2783 -2783 -2779 -2774 -2768 -2760 -2752 -2741 -2733 -2722 -2714 -2701 -2695 -2685 -2687 -2685 -2696 -2704 -2726 -2743 -2764 -2779 -2796 -2808 -2818 -2825 -2821 -2821 -2815 -2814 -2805 -2803 -2797 -2798 -2793 -2792 -2781 -2776 -2777 -2784 -2780 -2781 -2775 -2776 -2772 -2774 -2769 -2770 -2766 -2765 -2764 -2761 -2761 -2758 -2760
-2684 -2688 -2695 -2703 -2707 -2706 -2700 -2695 -2695 -2699 -2705 -2711 -2712 -2712 -2711 -2712 -2718 -2726 -2735 -2746 -2757 -2769 -2780 -2788 -2791 -2789 -2784 -2777 -2769 -2761 -2754 -2746 -2739 -2732 -2724 -2715 -2708 -2704 -2704 -2707 -2714 -2726 -2743 -2761 -2776 -2789 -2800 -2810 -2818 -2824 -2823 -2820 -2814 -2810 -2804 -2800 -2796 -2793 -2790 -2786 -2780 -2775 -2775 -2776 -2775 -2773 -2771 -2770 -2769 -2769 -2769 -2769 -2769 -2769 -2771 -2773 -2775 -2776 -2778
-2685 -2689 -2699 -2710 -2708 -2704 -2700 -2697 -2698 -2700 -2703 -2704 -2704 -2702 -2705 -2708 -2718 -2729 -2742 -2755 -2767 -2778 -2788 -2794 -2795 -2792 -2787 -2779 -2773 -2764 -2760 -2755 -2752 -2749 -2744 -2739 -2733 -2732 -2731 -2737 -2739 -2750 -2761 -2780 -2787 -2797 -2803 -2811 -2815 -2817 -2815 -2810 -2806 -2800 -2797 -2792 -2789 -2785 -2784 -2780 -2778 -2774 -2774 -2770 -2772 -2768 -2771 -2767 -2772 -2768 -2774 -2772 -2777 -2778 -2784 -2788 -2793 -2797 -2798
-2685 -2689 -2700 -2709 -2709 -2705 -2704 -2704 -2705 -2706 -2706 -2705 -2706 -2707 -2712 -2718 -2727 -2738 -2751 -2764 -2777 -2787 -2794 -2798 -2798 -2796 -2792 -2787 -2781 -2777 -2772 -2769 -2767 -2765 -2761 -2758 -2753 -2751 -2749 -2750 -2750 -2755 -2764 -2775 -2784 -2792 -2800 -2807 -2810 -2810 -2808 -2804 -2801 -2797 -2795 -2791 -2789 -2786 -2786 -2786 -2786 -2786 -2785 -2785 -2786 -2787 -2789 -2791 -2792 -2794 -2794 -2795 -2795 -2796 -2799 -2804 -2809 -2812 -2809
-2684 -2688 -2701 -2711 -2714 -2710 -2714 -2715 -2716 -2714 -2713 -2712 -2714 -2718 -2726 -2734 -2741 -2749 -2761 -2773 -2783 -2792 -2795 -2797 -2796 -2796 -2792 -2791 -2787 -2787 -2781 -2779 -2774 -2775 -2769 -2768 -2762 -2760 -2755 -2754 -2752 -2753 -2760 -2768 -2779 -2787 -2800 -2807 -2814 -2811 -2812 -2806 -2808 -2805 -2805 -2800 -2799 -2795 -2796 -2797 -2799 -2801 -2802 -2804 -2806 -2810 -2810 -2814 -2810 -2815 -2810 -2814 -2807 -2807 -2804 -2809 -2813 -2818 -2809
-2686 -2691 -2705 -2719 -2726 -2728 -2729 -2729 -2727 -2726 -2724 -2724 -2726 -2732 -2740 -2748 -2754 -2762 -2771 -2779 -2784 -2788 -2788 -2788 -2788 -2787 -2785 -2784 -2783 -2781 -2778 -2774 -2770 -2767 -2764 -2762 -2759 -2756 -2754 -2752 -2752 -2755 -2762 -2771 -2784 -2797 -2812 -2823 -2830 -2832 -2830 -2829 -2829 -2830 -2828 -2825 -2820 -2815 -2810 -2808 -2809 -2813 -2814 -2816 -2817 -2818 -2815 -2812 -2806 -2801 -2800 -2800 -2797 -2793 -2791 -2793 -2798 -2801 -2799
-2693 -2695 -2711 -2729 -2737 -2743 -2739 -2738 -2733 -2733 -2730 -2732 -2733 -2741 -2745 -2755 -2759 -2768 -2774 -2781 -2781 -2780 -2779 -2779 -2779 -2778 -2778 -2776 -2778 -2776 -2775 -2769 -2767 -2761 -2762 -2758 -2760 -2756 -2758 -2755 -2760 -2763 -2774 -2783 -2797 -2810 -2823 -2838 -2842 -2849 -2848 -2851 -2850 -2853 -2847 -2846 -2835 -2830 -2816 -2810 -2809 -2815 -2813 -2815 -2813 -2814 -2808 -2800 -2791 -2780 -2783 -2781 -2780 -2773 -2773 -2771 -2777 -2780 -2785
-2703 -2706 -2716 -2729 -2736 -2738 -2736 -2732 -2729 -2727 -2726 -2727 -2729 -2732 -2737 -2743 -2750 -2758 -2767 -2773 -2775 -2774 -2775 -2775 -2777 -2778 -2780 -2780 -2783 -2784 -2785 -2783 -2780 -2778 -2777 -2777 -2777 -2776 -2776 -2777 -2780 -2786 -2794 -2804 -2811 -2818 -2823 -2829 -2834 -2840 -2846 -2852 -2855 -2854 -2847 -2838 -2830 -2820 -2805 -2794 -2792 -2794 -2794 -2793 -2793 -2794 -2792 -2788 -2785 -2781 -2779 -2776 -2770 -2764 -2761 -2761 -2764 -2767 -2771
-2708 -2711 -2717 -2727 -2730 -2730 -2727 -2723 -2723 -2722 -2723 -2722 -2726 -2725 -2731 -2732 -2742 -2748 -2762 -2769 -2777 -2776 -2781 -2781 -2788 -2789 -2793 -2793 -2797 -2799 -2802 -2803 -2801 -2800 -2799 -2801 -2798 -2799 -2797 -2800 -2798 -2804 -2808 -2818 -2815 -2816 -2812 -2810 -2814 -2820 -2832 -2843 -2851 -2849 -2841 -2824 -2819 -2808 -2792 -2774 -2774 -2774 -2774 -2770 -2776 -2776 -2781 -2781 -2785 -2786 -2781 -2775 -2766 -2759 -2755 -2755 -2757 -2760 -2761
