examples/bouss/crater_westport/etopo1_-137_-122_38_51_1min.asc
ncols        901
nrows        781
xllcorner    -137.000000000000
yllcorner    38.000000000000
cellsize     0.016666666667
nodata_value    -99999
[rows 385 to 419 of 781, columns 553 to 631 of 901]
-2909 -2899 -2897 -2908 -2925 -2938 -2945 -2923 -2901 -2897 -2896 -2891 -2882 -2869 -2861 -2857 -2860 -2864 -2870 -2873 -2880 -2893 -2914 -2943 -2972 -2996 -2998 -2988 -2962 -2946 -2933 -2918 -2911 -2923 -2933 -2922 -2906 -2907 -2909 -2908 -2907 -2903 -2899 -2898 -2897 -2898 -2901 -2904 -2905 -2905 -2904 -2904 -2905 -2905 -2906 -2906 -2906 -2906 -2906 -2906 -2907 -2907 -2907 -2907 -2906 -2904 -2900 -2896 -2895 -2891 -2888 -2888 -2886 -2878 -2881 -2882 -2881 -2877 -2873
-2888 -2883 -2887 -2903 -2922 -2934 -2933 -2919 -2903 -2898 -2898 -2893 -2885 -2875 -2868 -2865 -2866 -2868 -2870 -2874 -2879 -2889 -2911 -2949 -2994 -3030 -3045 -3027 -2990 -2956 -2930 -2917 -2914 -2920 -2923 -2917 -2909 -2908 -2909 -2911 -2910 -2908 -2905 -2902 -2901 -2902 -2904 -2906 -2906 -2906 -2906 -2907 -2907 -2907 -2907 -2908 -2908 -2908 -2908 -2908 -2908 -2908 -2908 -2908 -2908 -2907 -2905 -2899 -2896 -2896 -2894 -2893 -2886 -2882 -2882 -2886 -2886 -2884 -2876
-2867 -2867 -2874 -2895 -2916 -2926 -2923 -2913 -2901 -2899 -2900 -2894 -2886 -2877 -2870 -2870 -2871 -2872 -2872 -2875 -2880 -2886 -2902 -2941 -2997 -3043 -3085 -3067 -3028 -2986 -2940 -2925 -2920 -2918 -2918 -2916 -2913 -2911 -2911 -2912 -2912 -2910 -2908 -2903 -2901 -2901 -2905 -2908 -2908 -2909 -2909 -2909 -2909 -2909 -2909 -2910 -2910 -2910 -2909 -2909 -2910 -2910 -2909 -2909 -2909 -2909 -2908 -2904 -2895 -2895 -2894 -2890 -2887 -2882 -2882 -2885 -2889 -2890 -2884
-2853 -2856 -2866 -2886 -2908 -2920 -2922 -2915 -2903 -2896 -2892 -2888 -2883 -2878 -2874 -2874 -2876 -2877 -2878 -2880 -2883 -2887 -2895 -2916 -2953 -3007 -3059 -3083 -3078 -3039 -2989 -2949 -2924 -2916 -2916 -2916 -2916 -2915 -2914 -2912 -2910 -2908 -2905 -2898 -2894 -2897 -2904 -2911 -2911 -2911 -2911 -2911 -2911 -2911 -2911 -2908 -2906 -2906 -2907 -2909 -2911 -2911 -2910 -2910 -2909 -2909 -2905 -2899 -2898 -2899 -2898 -2891 -2893 -2888 -2888 -2887 -2888 -2889 -2889
-2845 -2850 -2859 -2878 -2900 -2917 -2927 -2919 -2905 -2891 -2881 -2879 -2880 -2879 -2877 -2879 -2881 -2883 -2885 -2888 -2891 -2894 -2895 -2896 -2901 -2954 -3010 -3069 -3112 -3090 -3044 -2984 -2931 -2917 -2919 -2917 -2916 -2916 -2915 -2910 -2905 -2905 -2902 -2893 -2885 -2892 -2903 -2913 -2913 -2913 -2913 -2912 -2901 -2902 -2901 -2902 -2902 -2902 -2903 -2908 -2912 -2912 -2911 -2911 -2909 -2907 -2901 -2890 -2896 -2900 -2905 -2907 -2901 -2896 -2893 -2891 -2886 -2888 -2893
-2843 -2849 -2858 -2871 -2890 -2912 -2928 -2924 -2908 -2887 -2871 -2871 -2877 -2881 -2883 -2883 -2884 -2887 -2893 -2898 -2903 -2908 -2908 -2903 -2902 -2920 -2958 -3020 -3080 -3109 -3094 -3026 -2954 -2924 -2919 -2916 -2914 -2913 -2911 -2907 -2904 -2904 -2901 -2896 -2890 -2894 -2903 -2914 -2910 -2908 -2906 -2905 -2900 -2899 -2899 -2899 -2899 -2899 -2900 -2906 -2914 -2914 -2913 -2912 -2910 -2907 -2902 -2894 -2895 -2901 -2905 -2907 -2906 -2904 -2901 -2899 -2896 -2892 -2894
-2843 -2846 -2856 -2866 -2882 -2914 -2935 -2931 -2913 -2886 -2864 -2869 -2879 -2885 -2888 -2884 -2884 -2892 -2902 -2909 -2914 -2919 -2924 -2915 -2912 -2901 -2909 -2961 -3024 -3095 -3133 -3065 -2975 -2943 -2927 -2915 -2910 -2908 -2906 -2902 -2899 -2901 -2901 -2901 -2897 -2898 -2899 -2904 -2902 -2903 -2901 -2902 -2901 -2901 -2902 -2902 -2901 -2901 -2902 -2902 -2903 -2915 -2914 -2913 -2911 -2909 -2905 -2900 -2899 -2901 -2902 -2906 -2911 -2910 -2904 -2902 -2903 -2900 -2897
-2840 -2837 -2842 -2863 -2894 -2926 -2944 -2939 -2918 -2894 -2878 -2877 -2883 -2887 -2888 -2884 -2885 -2897 -2911 -2918 -2920 -2919 -2917 -2910 -2902 -2893 -2896 -2922 -2973 -3046 -3097 -3088 -3040 -2981 -2932 -2913 -2908 -2905 -2900 -2894 -2891 -2890 -2896 -2899 -2903 -2902 -2900 -2900 -2903 -2908 -2911 -2910 -2907 -2907 -2909 -2912 -2913 -2914 -2912 -2909 -2907 -2913 -2916 -2915 -2913 -2911 -2908 -2905 -2902 -2899 -2902 -2904 -2910 -2911 -2906 -2906 -2905 -2904 -2901
-2840 -2829 -2827 -2865 -2911 -2943 -2960 -2947 -2923 -2904 -2891 -2887 -2890 -2889 -2889 -2886 -2886 -2904 -2920 -2922 -2919 -2912 -2903 -2898 -2891 -2889 -2893 -2899 -2922 -2987 -3051 -3092 -3097 -3023 -2940 -2919 -2912 -2902 -2892 -2878 -2870 -2859 -2867 -2873 -2894 -2894 -2897 -2900 -2907 -2919 -2928 -2922 -2915 -2916 -2921 -2929 -2934 -2939 -2934 -2928 -2918 -2917 -2916 -2917 -2915 -2913 -2911 -2909 -2906 -2904 -2900 -2905 -2907 -2908 -2909 -2909 -2910 -2909 -2903
-2837 -2830 -2838 -2876 -2923 -2955 -2967 -2955 -2933 -2913 -2900 -2893 -2891 -2891 -2892 -2897 -2905 -2915 -2921 -2919 -2911 -2903 -2896 -2892 -2889 -2888 -2888 -2890 -2905 -2943 -3000 -3066 -3097 -3055 -2988 -2942 -2916 -2896 -2877 -2854 -2827 -2800 -2790 -2809 -2841 -2866 -2884 -2898 -2912 -2927 -2937 -2933 -2926 -2927 -2937 -2952 -2968 -2976 -2973 -2959 -2942 -2932 -2925 -2918 -2918 -2916 -2914 -2912 -2911 -2909 -2909 -2907 -2907 -2909 -2912 -2914 -2916 -2915 -2907
-2840 -2837 -2848 -2890 -2938 -2964 -2972 -2959 -2938 -2917 -2903 -2898 -2896 -2898 -2899 -2910 -2922 -2922 -2920 -2912 -2901 -2896 -2892 -2890 -2889 -2887 -2887 -2889 -2898 -2913 -2947 -3028 -3090 -3066 -3016 -2964 -2923 -2895 -2868 -2837 -2796 -2753 -2716 -2752 -2795 -2838 -2871 -2896 -2915 -2935 -2946 -2940 -2932 -2933 -2946 -2968 -2995 -3006 -3010 -2988 -2963 -2950 -2941 -2930 -2920 -2919 -2918 -2916 -2915 -2914 -2912 -2911 -2912 -2913 -2920 -2927 -2923 -2915 -2911
-2841 -2846 -2866 -2904 -2943 -2966 -2969 -2956 -2935 -2915 -2903 -2904 -2910 -2913 -2914 -2918 -2920 -2918 -2912 -2905 -2898 -2893 -2890 -2889 -2888 -2887 -2887 -2888 -2892 -2902 -2932 -2990 -3038 -3042 -3015 -2974 -2934 -2902 -2872 -2837 -2797 -2755 -2732 -2749 -2786 -2827 -2865 -2898 -2924 -2940 -2946 -2940 -2932 -2932 -2943 -2966 -2992 -3010 -3015 -3001 -2980 -2964 -2954 -2946 -2936 -2922 -2921 -2920 -2919 -2918 -2918 -2917 -2918 -2919 -2924 -2928 -2924 -2918 -2915
-2844 -2855 -2878 -2915 -2950 -2966 -2965 -2949 -2927 -2911 -2901 -2912 -2926 -2925 -2924 -2918 -2913 -2909 -2903 -2899 -2896 -2892 -2890 -2888 -2887 -2886 -2887 -2888 -2893 -2902 -2922 -2962 -2996 -3009 -2997 -2973 -2941 -2913 -2886 -2856 -2824 -2792 -2775 -2782 -2806 -2836 -2867 -2901 -2931 -2944 -2946 -2938 -2927 -2925 -2931 -2950 -2972 -2992 -3004 -2995 -2981 -2966 -2958 -2956 -2957 -2936 -2924 -2924 -2923 -2923 -2922 -2922 -2923 -2925 -2928 -2933 -2927 -2923 -2916
-2849 -2863 -2889 -2923 -2952 -2963 -2957 -2940 -2921 -2912 -2912 -2920 -2927 -2925 -2919 -2912 -2906 -2902 -2898 -2895 -2893 -2891 -2890 -2889 -2886 -2885 -2886 -2890 -2898 -2910 -2927 -2951 -2972 -2983 -2981 -2968 -2949 -2927 -2905 -2882 -2861 -2841 -2831 -2832 -2843 -2858 -2878 -2905 -2930 -2944 -2946 -2936 -2924 -2917 -2919 -2929 -2943 -2959 -2969 -2968 -2960 -2951 -2947 -2950 -2951 -2940 -2929 -2927 -2927 -2926 -2926 -2927 -2928 -2930 -2932 -2934 -2930 -2923 -2915
-2855 -2872 -2897 -2931 -2957 -2962 -2952 -2933 -2914 -2913 -2921 -2923 -2924 -2918 -2908 -2904 -2901 -2898 -2896 -2893 -2891 -2892 -2892 -2890 -2888 -2887 -2888 -2897 -2907 -2920 -2935 -2949 -2961 -2968 -2968 -2964 -2953 -2939 -2924 -2910 -2898 -2886 -2881 -2878 -2883 -2884 -2891 -2911 -2931 -2945 -2947 -2934 -2918 -2908 -2904 -2906 -2912 -2923 -2931 -2935 -2933 -2929 -2927 -2938 -2945 -2939 -2929 -2928 -2930 -2930 -2930 -2931 -2932 -2933 -2933 -2933 -2932 -2926 -2919
-2868 -2887 -2911 -2938 -2958 -2961 -2950 -2930 -2915 -2912 -2916 -2917 -2915 -2910 -2904 -2901 -2898 -2896 -2895 -2894 -2895 -2895 -2895 -2894 -2893 -2896 -2902 -2911 -2921 -2931 -2940 -2947 -2953 -2957 -2959 -2958 -2954 -2947 -2938 -2929 -2921 -2914 -2909 -2906 -2905 -2903 -2907 -2921 -2937 -2946 -2944 -2930 -2912 -2898 -2889 -2886 -2888 -2895 -2903 -2909 -2911 -2912 -2916 -2930 -2941 -2940 -2933 -2932 -2934 -2934 -2934 -2934 -2935 -2936 -2934 -2936 -2932 -2931 -2920
-2889 -2908 -2926 -2946 -2959 -2956 -2946 -2926 -2912 -2909 -2910 -2910 -2906 -2904 -2902 -2900 -2898 -2897 -2896 -2898 -2900 -2900 -2899 -2898 -2899 -2906 -2917 -2924 -2933 -2937 -2940 -2942 -2945 -2946 -2949 -2949 -2949 -2945 -2942 -2935 -2930 -2924 -2920 -2916 -2914 -2911 -2915 -2928 -2944 -2948 -2942 -2924 -2903 -2886 -2875 -2870 -2870 -2876 -2884 -2893 -2899 -2902 -2906 -2927 -2945 -2945 -2938 -2937 -2936 -2937 -2937 -2938 -2939 -2942 -2943 -2939 -2933 -2931 -2926
-2923 -2935 -2943 -2950 -2952 -2942 -2928 -2917 -2910 -2908 -2908 -2906 -2904 -2902 -2901 -2900 -2900 -2901 -2902 -2903 -2903 -2901 -2901 -2902 -2907 -2916 -2925 -2931 -2935 -2936 -2934 -2931 -2929 -2929 -2930 -2932 -2932 -2930 -2928 -2924 -2921 -2918 -2914 -2911 -2908 -2907 -2913 -2929 -2945 -2947 -2936 -2916 -2893 -2874 -2862 -2856 -2857 -2864 -2874 -2886 -2896 -2903 -2912 -2927 -2943 -2952 -2952 -2946 -2939 -2939 -2940 -2941 -2942 -2943 -2943 -2939 -2936 -2932 -2929
-2954 -2957 -2953 -2950 -2945 -2929 -2910 -2908 -2908 -2908 -2908 -2906 -2905 -2903 -2902 -2902 -2904 -2910 -2912 -2910 -2905 -2901 -2900 -2905 -2914 -2922 -2929 -2932 -2932 -2930 -2924 -2914 -2908 -2906 -2909 -2910 -2910 -2906 -2904 -2903 -2904 -2904 -2902 -2899 -2896 -2896 -2903 -2927 -2947 -2946 -2931 -2908 -2882 -2863 -2851 -2847 -2850 -2859 -2871 -2886 -2900 -2908 -2917 -2927 -2941 -2956 -2967 -2953 -2942 -2942 -2942 -2943 -2943 -2945 -2943 -2941 -2938 -2936 -2935
-2955 -2962 -2954 -2946 -2936 -2922 -2909 -2907 -2909 -2909 -2908 -2907 -2907 -2906 -2906 -2906 -2910 -2920 -2926 -2918 -2905 -2898 -2898 -2906 -2916 -2926 -2931 -2932 -2929 -2922 -2909 -2893 -2882 -2883 -2888 -2887 -2884 -2879 -2876 -2880 -2885 -2890 -2891 -2889 -2886 -2888 -2900 -2925 -2945 -2944 -2926 -2901 -2876 -2857 -2846 -2844 -2850 -2861 -2876 -2891 -2904 -2912 -2917 -2923 -2935 -2955 -2965 -2955 -2945 -2944 -2944 -2944 -2944 -2944 -2941 -2939 -2942 -2942 -2948
-2955 -2958 -2944 -2939 -2932 -2920 -2910 -2909 -2912 -2910 -2908 -2909 -2909 -2909 -2909 -2907 -2910 -2925 -2939 -2920 -2900 -2894 -2896 -2906 -2917 -2928 -2933 -2931 -2924 -2913 -2898 -2877 -2860 -2871 -2879 -2876 -2867 -2862 -2859 -2871 -2877 -2887 -2888 -2886 -2882 -2884 -2895 -2925 -2950 -2944 -2922 -2896 -2871 -2853 -2845 -2846 -2855 -2868 -2884 -2898 -2910 -2916 -2918 -2918 -2925 -2960 -2981 -2970 -2947 -2947 -2946 -2945 -2944 -2941 -2937 -2941 -2946 -2953 -2956
-2940 -2949 -2941 -2934 -2927 -2919 -2913 -2911 -2912 -2911 -2910 -2910 -2910 -2908 -2906 -2905 -2909 -2918 -2923 -2913 -2899 -2893 -2896 -2905 -2918 -2928 -2933 -2928 -2918 -2904 -2890 -2876 -2870 -2879 -2888 -2885 -2874 -2872 -2875 -2886 -2896 -2899 -2897 -2891 -2886 -2886 -2898 -2927 -2950 -2943 -2919 -2891 -2869 -2855 -2851 -2855 -2866 -2879 -2893 -2905 -2915 -2920 -2920 -2918 -2931 -2971 -3017 -3026 -2949 -2949 -2948 -2947 -2946 -2944 -2942 -2942 -2954 -2961 -2958
-2937 -2942 -2936 -2931 -2926 -2920 -2914 -2913 -2912 -2911 -2911 -2910 -2911 -2906 -2903 -2901 -2903 -2906 -2908 -2902 -2895 -2892 -2895 -2903 -2915 -2925 -2932 -2922 -2909 -2897 -2888 -2881 -2883 -2894 -2912 -2915 -2907 -2906 -2903 -2907 -2921 -2915 -2909 -2900 -2895 -2890 -2897 -2931 -2958 -2944 -2915 -2890 -2872 -2862 -2863 -2870 -2881 -2892 -2902 -2912 -2921 -2925 -2927 -2922 -2930 -2971 -3041 -3139 -3217 -2952 -2951 -2950 -2950 -2949 -2950 -2956 -2969 -2965 -2960
-2935 -2939 -2936 -2931 -2925 -2920 -2917 -2915 -2914 -2911 -2908 -2907 -2906 -2905 -2903 -2902 -2900 -2902 -2900 -2898 -2894 -2892 -2894 -2898 -2906 -2918 -2923 -2914 -2899 -2891 -2888 -2887 -2891 -2902 -2926 -2963 -2985 -2962 -2930 -2920 -2922 -2919 -2914 -2907 -2901 -2898 -2907 -2933 -2953 -2942 -2917 -2898 -2886 -2883 -2884 -2891 -2898 -2904 -2911 -2920 -2926 -2929 -2929 -2929 -2936 -2962 -3024 -3118 -3129 -2954 -2954 -2954 -2954 -2954 -2956 -2960 -2964 -2964 -2962
-2939 -2939 -2936 -2931 -2925 -2919 -2916 -2914 -2915 -2912 -2909 -2914 -2913 -2920 -2917 -2920 -2913 -2915 -2909 -2907 -2899 -2897 -2894 -2894 -2897 -2913 -2921 -2912 -2895 -2895 -2895 -2899 -2903 -2914 -2934 -3006 -3068 -3016 -2952 -2936 -2927 -2922 -2917 -2914 -2912 -2908 -2914 -2937 -2959 -2948 -2926 -2927 -2921 -2929 -2920 -2920 -2916 -2916 -2920 -2930 -2935 -2935 -2932 -2937 -2945 -2944 -2958 -3042 -3078 -2999 -2957 -2957 -2957 -2958 -2959 -2962 -2963 -2964 -2963
-2940 -2940 -2938 -2932 -2924 -2914 -2906 -2905 -2909 -2916 -2926 -2938 -2949 -2958 -2963 -2963 -2960 -2954 -2945 -2933 -2919 -2907 -2898 -2895 -2902 -2917 -2928 -2924 -2915 -2913 -2915 -2918 -2926 -2942 -2974 -3022 -3055 -3044 -3008 -2976 -2949 -2933 -2925 -2925 -2926 -2928 -2930 -2945 -2956 -2962 -2969 -2984 -3000 -3001 -2988 -2958 -2932 -2925 -2931 -2942 -2949 -2946 -2941 -2942 -2943 -2941 -2948 -2979 -2997 -2984 -2962 -2960 -2960 -2961 -2962 -2963 -2964 -2964 -2965
-2940 -2940 -2938 -2931 -2923 -2908 -2895 -2897 -2904 -2923 -2946 -2966 -2988 -2999 -3010 -3008 -3007 -2994 -2982 -2960 -2940 -2918 -2902 -2898 -2906 -2924 -2943 -2941 -2936 -2934 -2936 -2935 -2945 -2962 -2998 -3025 -3042 -3068 -3064 -3025 -2980 -2954 -2940 -2946 -2954 -2968 -2965 -2973 -2966 -2976 -2998 -3020 -3057 -3044 -3037 -2980 -2937 -2930 -2939 -2949 -2960 -2951 -2943 -2942 -2944 -2942 -2943 -2944 -2943 -2952 -2949 -2955 -2962 -2964 -2964 -2965 -2966 -2966 -2967
-2941 -2939 -2935 -2927 -2916 -2904 -2896 -2899 -2911 -2931 -2956 -2981 -3003 -3019 -3028 -3029 -3025 -3012 -2995 -2972 -2948 -2923 -2905 -2900 -2908 -2929 -2947 -2952 -2949 -2946 -2942 -2938 -2940 -2959 -2990 -3033 -3074 -3104 -3106 -3070 -3021 -2984 -2969 -2976 -3001 -3033 -3050 -3029 -2997 -2981 -2983 -2998 -3012 -3009 -2992 -2965 -2940 -2932 -2935 -2941 -2945 -2943 -2938 -2938 -2939 -2940 -2939 -2936 -2936 -2941 -2946 -2952 -2956 -2958 -2961 -2967 -2968 -2968 -2969
-2943 -2940 -2932 -2924 -2913 -2905 -2901 -2905 -2918 -2935 -2958 -2981 -3003 -3017 -3026 -3025 -3020 -3006 -2989 -2966 -2944 -2920 -2903 -2902 -2908 -2935 -2951 -2955 -2949 -2947 -2942 -2938 -2930 -2952 -2976 -3040 -3103 -3130 -3137 -3096 -3047 -3006 -2989 -2997 -3030 -3074 -3118 -3060 -3009 -2973 -2954 -2958 -2951 -2953 -2934 -2939 -2936 -2932 -2928 -2930 -2929 -2932 -2931 -2934 -2935 -2938 -2939 -2940 -2945 -2946 -2949 -2951 -2952 -2956 -2955 -2956 -2946 -2964 -2973
-2949 -2943 -2934 -2926 -2918 -2911 -2907 -2909 -2918 -2932 -2951 -2971 -2988 -2999 -3004 -3002 -2994 -2982 -2965 -2945 -2925 -2905 -2896 -2903 -2923 -2939 -2950 -2944 -2938 -2936 -2940 -2943 -2951 -2962 -2990 -3038 -3089 -3117 -3120 -3092 -3050 -3008 -2986 -2993 -3018 -3040 -3045 -3020 -2984 -2958 -2945 -2943 -2942 -2936 -2928 -2930 -2933 -2932 -2927 -2925 -2925 -2928 -2932 -2935 -2937 -2940 -2942 -2946 -2951 -2953 -2955 -2956 -2959 -2964 -2967 -2964 -2964 -2974 -2982
-2955 -2947 -2937 -2930 -2924 -2916 -2912 -2911 -2916 -2927 -2941 -2957 -2970 -2976 -2975 -2971 -2961 -2950 -2935 -2920 -2901 -2879 -2871 -2880 -2913 -2908 -2920 -2901 -2901 -2897 -2913 -2916 -2945 -2945 -2976 -3010 -3052 -3077 -3084 -3068 -3036 -2993 -2961 -2963 -2978 -2974 -2954 -2960 -2947 -2942 -2939 -2943 -2951 -2939 -2934 -2931 -2934 -2931 -2928 -2925 -2925 -2927 -2933 -2936 -2941 -2943 -2946 -2950 -2955 -2958 -2961 -2964 -2968 -2975 -2983 -2979 -2981 -2988 -2998
-2951 -2946 -2938 -2931 -2925 -2918 -2914 -2912 -2916 -2925 -2937 -2948 -2956 -2957 -2953 -2945 -2934 -2924 -2912 -2898 -2877 -2847 -2823 -2820 -2823 -2819 -2813 -2818 -2824 -2827 -2827 -2829 -2840 -2864 -2902 -2946 -2990 -3022 -3038 -3034 -3010 -2972 -2935 -2914 -2910 -2919 -2929 -2936 -2935 -2934 -2934 -2936 -2938 -2935 -2931 -2930 -2930 -2930 -2928 -2927 -2926 -2925 -2927 -2933 -2940 -2946 -2950 -2953 -2956 -2960 -2965 -2970 -2974 -2978 -2981 -2981 -2983 -2989 -2993
-2946 -2941 -2935 -2928 -2923 -2918 -2915 -2916 -2920 -2931 -2940 -2948 -2950 -2947 -2938 -2928 -2915 -2906 -2896 -2889 -2870 -2833 -2785 -2780 -2757 -2751 -2722 -2755 -2768 -2779 -2757 -2750 -2730 -2769 -2814 -2871 -2923 -2967 -2994 -3004 -2990 -2955 -2909 -2870 -2848 -2886 -2930 -2935 -2933 -2931 -2929 -2928 -2926 -2927 -2926 -2928 -2928 -2929 -2929 -2928 -2926 -2921 -2920 -2929 -2940 -2948 -2953 -2954 -2955 -2961 -2967 -2971 -2975 -2975 -2974 -2975 -2976 -2981 -2985
-2941 -2933 -2926 -2920 -2917 -2917 -2919 -2925 -2934 -2945 -2954 -2958 -2956 -2948 -2936 -2922 -2909 -2899 -2894 -2892 -2882 -2854 -2825 -2810 -2797 -2778 -2763 -2772 -2787 -2797 -2783 -2746 -2712 -2719 -2754 -2809 -2867 -2922 -2964 -2987 -2982 -2950 -2899 -2855 -2839 -2874 -2919 -2933 -2931 -2928 -2927 -2925 -2924 -2924 -2927 -2927 -2929 -2931 -2932 -2929 -2924 -2919 -2919 -2929 -2942 -2950 -2954 -2955 -2957 -2959 -2963 -2966 -2968 -2969 -2969 -2969 -2969 -2972 -2976
-2932 -2923 -2917 -2915 -2914 -2920 -2927 -2938 -2950 -2961 -2970 -2971 -2966 -2952 -2938 -2921 -2909 -2900 -2897 -2901 -2906 -2888 -2878 -2872 -2877 -2850 -2838 -2828 -2837 -2846 -2848 -2783 -2726 -2712 -2727 -2774 -2829 -2890 -2941 -2978 -2983 -2957 -2906 -2865 -2842 -2877 -2922 -2928 -2925 -2924 -2926 -2924 -2925 -2924 -2929 -2927 -2931 -2934 -2935 -2929 -2923 -2918 -2919 -2931 -2945 -2949 -2952 -2951 -2954 -2954 -2958 -2961 -2961 -2966 -2966 -2968 -2966 -2969 -2970
