examples/bouss/crater_westport/etopo1_-137_-122_38_51_1min.asc
ncols        901
nrows        781
xllcorner    -137.000000000000
yllcorner    38.000000000000
cellsize     0.016666666667
nodata_value    -99999
[rows 630 to 664 of 781, columns 632 to 710 of 901]
-3108 -3089 -3063 -3043 -3041 -3042 -3033 -3024 -3020 -3015 -3015 -3014 -3004 -3000 -3039 -3054 -3059 -3071 -3095 -3113 -3117 -3122 -3123 -3124 -3121 -3117 -3109 -3103 -3091 -3086 -3075 -3071 -3054 -3046 -3040 -3033 -3028 -3021 -3011 -3004 -2993 -2984 -2974 -2965 -2956 -2949 -2942 -2936 -2925 -2913 -2901 -2890 -2881 -2875 -2872 -2868 -2863 -2856 -2849 -2838 -2826 -2820 -2814 -2808 -2802 -2794 -2783 -2773 -2766 -2753 -2744 -2738 -2730 -2719 -2712 -2690 -2670 -2653 -2629
-3049 -3021 -3003 -2987 -2971 -2959 -2970 -2972 -2970 -2963 -2941 -2939 -2947 -2954 -2966 -2984 -3017 -3032 -3043 -3066 -3109 -3114 -3120 -3122 -3117 -3111 -3097 -3091 -3084 -3075 -3071 -3067 -3049 -3043 -3037 -3029 -3025 -3018 -3007 -3003 -2987 -2980 -2967 -2961 -2946 -2944 -2938 -2934 -2916 -2904 -2887 -2879 -2865 -2864 -2864 -2862 -2855 -2850 -2844 -2827 -2816 -2812 -2807 -2797 -2792 -2781 -2769 -2765 -2753 -2740 -2734 -2727 -2721 -2713 -2709 -2671 -2660 -2642 -2595
-3005 -2978 -2951 -2938 -2933 -2926 -2906 -2915 -2920 -2928 -2937 -2947 -2956 -2969 -2978 -2996 -3015 -3034 -3065 -3099 -3115 -3119 -3121 -3117 -3110 -3100 -3090 -3082 -3075 -3069 -3063 -3057 -3048 -3043 -3036 -3031 -3024 -3017 -3009 -3001 -2989 -2979 -2966 -2956 -2942 -2932 -2918 -2915 -2913 -2892 -2873 -2865 -2845 -2838 -2847 -2844 -2840 -2833 -2826 -2816 -2809 -2797 -2783 -2777 -2767 -2756 -2747 -2731 -2729 -2717 -2703 -2680 -2662 -2670 -2658 -2643 -2601 -2569 -2572
-2837 -2851 -2831 -2802 -2792 -2787 -2762 -2758 -2766 -2785 -2809 -2857 -2884 -2872 -2879 -2893 -2909 -2940 -3004 -3051 -3074 -3064 -3061 -3064 -3061 -3052 -3030 -3039 -3030 -3030 -3030 -3050 -3052 -3049 -3045 -3039 -3032 -3021 -3010 -3001 -2990 -2981 -2974 -2958 -2938 -2909 -2878 -2857 -2849 -2848 -2863 -2859 -2843 -2832 -2820 -2813 -2813 -2809 -2804 -2800 -2791 -2784 -2775 -2755 -2740 -2737 -2719 -2705 -2698 -2688 -2652 -2652 -2615 -2607 -2598 -2579 -2588 -2526 -2513
-2713 -2695 -2687 -2658 -2633 -2609 -2570 -2558 -2566 -2621 -2644 -2601 -2633 -2658 -2649 -2658 -2702 -2730 -2809 -2916 -2947 -2986 -3000 -2998 -2986 -2989 -2940 -2928 -2967 -3016 -3056 -3067 -3061 -3057 -3053 -3049 -3039 -3027 -3014 -3008 -2993 -2976 -2932 -2888 -2854 -2803 -2769 -2739 -2711 -2692 -2695 -2720 -2729 -2776 -2812 -2809 -2808 -2798 -2787 -2780 -2776 -2764 -2760 -2740 -2721 -2698 -2688 -2675 -2662 -2654 -2646 -2617 -2607 -2596 -2561 -2538 -2499 -2529 -2490
-2116 -1912 -1800 -1806 -1793 -1765 -1840 -1996 -2122 -2222 -2253 -2145 -2130 -2257 -2383 -2363 -2309 -2391 -2499 -2707 -2782 -2827 -2858 -2905 -2943 -2953 -3013 -3042 -3058 -3068 -2999 -2944 -3065 -3050 -3047 -3034 -3018 -2980 -2851 -2824 -2838 -2881 -2845 -2789 -2763 -2717 -2631 -2493 -2470 -2444 -2539 -2584 -2613 -2693 -2749 -2794 -2791 -2784 -2774 -2766 -2759 -2754 -2746 -2724 -2714 -2703 -2686 -2679 -2661 -2657 -2644 -2628 -2620 -2585 -2573 -2543 -2541 -2518 -2477
-1919 -1900 -1928 -1950 -1959 -1937 -1914 -1960 -2003 -1983 -1988 -1870 -1866 -1916 -1999 -2104 -2122 -2165 -2308 -2336 -2337 -2317 -2342 -2353 -2356 -2386 -2432 -2432 -2428 -2401 -2492 -2458 -2431 -2463 -2488 -2520 -2560 -2589 -2569 -2562 -2549 -2493 -2471 -2455 -2433 -2421 -2406 -2394 -2396 -2436 -2494 -2515 -2522 -2564 -2605 -2642 -2684 -2735 -2748 -2769 -2737 -2684 -2670 -2673 -2693 -2691 -2688 -2650 -2619 -2594 -2574 -2594 -2574 -2562 -2535 -2528 -2509 -2534 -2510
-2095 -2149 -2163 -2182 -2288 -2270 -2312 -2369 -2350 -2394 -2358 -2324 -2289 -2212 -2300 -2358 -2418 -2586 -2689 -2593 -2474 -2425 -2509 -2573 -2546 -2601 -2671 -2680 -2633 -2696 -2638 -2579 -2557 -2548 -2565 -2574 -2592 -2594 -2590 -2567 -2555 -2514 -2492 -2471 -2453 -2444 -2440 -2441 -2455 -2486 -2510 -2527 -2535 -2565 -2597 -2624 -2650 -2681 -2691 -2683 -2652 -2632 -2618 -2605 -2601 -2589 -2566 -2531 -2496 -2458 -2438 -2417 -2401 -2377 -2362 -2343 -2335 -2318 -2307
-2898 -2770 -2491 -2531 -2588 -2673 -2713 -2742 -2784 -2791 -2770 -2691 -2632 -2620 -2675 -2726 -2814 -2877 -2902 -2877 -2812 -2741 -2793 -2794 -2820 -2837 -2852 -2872 -2873 -2847 -2830 -2772 -2728 -2698 -2681 -2669 -2662 -2651 -2636 -2612 -2590 -2562 -2537 -2516 -2498 -2487 -2481 -2483 -2492 -2507 -2522 -2534 -2545 -2561 -2580 -2598 -2615 -2627 -2631 -2621 -2600 -2578 -2558 -2538 -2518 -2494 -2461 -2420 -2372 -2329 -2282 -2244 -2209 -2185 -2156 -2136 -2120 -2106 -2089
-3161 -3165 -3077 -3060 -3057 -3084 -3106 -3129 -3140 -3133 -3120 -3096 -3067 -3070 -3075 -3111 -3149 -3174 -3170 -3159 -3126 -3098 -3094 -3084 -3112 -3108 -3108 -3095 -3085 -3060 -3017 -2961 -2905 -2857 -2817 -2783 -2754 -2727 -2698 -2673 -2643 -2614 -2587 -2564 -2545 -2531 -2521 -2519 -2521 -2527 -2534 -2542 -2548 -2555 -2564 -2574 -2582 -2584 -2581 -2568 -2549 -2526 -2501 -2474 -2444 -2408 -2367 -2315 -2258 -2195 -2128 -2066 -2015 -1978 -1946 -1921 -1902 -1882 -1863
-3551 -3543 -3529 -3489 -3515 -3490 -3501 -3503 -3507 -3500 -3488 -3477 -3469 -3471 -3472 -3478 -3488 -3472 -3469 -3458 -3434 -3415 -3393 -3383 -3374 -3367 -3352 -3341 -3315 -3276 -3215 -3148 -3074 -3005 -2943 -2892 -2848 -2807 -2770 -2736 -2703 -2670 -2638 -2612 -2589 -2572 -2558 -2550 -2545 -2544 -2545 -2547 -2548 -2550 -2552 -2553 -2553 -2547 -2539 -2523 -2502 -2475 -2445 -2411 -2373 -2328 -2274 -2212 -2141 -2059 -1975 -1887 -1812 -1763 -1728 -1705 -1684 -1662 -1640
-3975 -3972 -3953 -3927 -3920 -3904 -3889 -3869 -3862 -3857 -3852 -3846 -3833 -3831 -3854 -3835 -3824 -3805 -3782 -3762 -3732 -3712 -3694 -3671 -3651 -3638 -3618 -3594 -3559 -3513 -3434 -3338 -3236 -3150 -3073 -3004 -2942 -2893 -2844 -2801 -2761 -2723 -2690 -2659 -2632 -2609 -2592 -2577 -2568 -2560 -2555 -2550 -2548 -2545 -2542 -2534 -2528 -2516 -2503 -2481 -2457 -2427 -2394 -2355 -2310 -2256 -2195 -2121 -2040 -1940 -1827 -1693 -1567 -1516 -1495 -1476 -1460 -1438 -1413
-4312 -4300 -4289 -4272 -4256 -4236 -4207 -4168 -4157 -4146 -4131 -4122 -4113 -4117 -4117 -4111 -4095 -4065 -4039 -4019 -4001 -3981 -3948 -3930 -3894 -3868 -3839 -3818 -3790 -3752 -3694 -3536 -3400 -3284 -3186 -3103 -3030 -2990 -2953 -2915 -2848 -2773 -2708 -2650 -2605 -2570 -2555 -2545 -2538 -2523 -2505 -2479 -2458 -2431 -2416 -2396 -2390 -2374 -2356 -2319 -2285 -2231 -2183 -2163 -2213 -2195 -2127 -2047 -1955 -1842 -1707 -1481 -1438 -1416 -1392 -1380 -1355 -1325 -1278
-4322 -4310 -4300 -4284 -4269 -4255 -4226 -4205 -4186 -4174 -4159 -4146 -4132 -4127 -4117 -4107 -4085 -4069 -4051 -4032 -4013 -3986 -3965 -3945 -3914 -3898 -3875 -3846 -3817 -3782 -3761 -3712 -3532 -3390 -3284 -3192 -3111 -3061 -3048 -3034 -2929 -2816 -2722 -2637 -2579 -2525 -2524 -2518 -2520 -2498 -2478 -2426 -2402 -2339 -2328 -2277 -2288 -2254 -2245 -2180 -2155 -2065 -2004 -1954 -2194 -2145 -2071 -1985 -1883 -1761 -1623 -1475 -1445 -1416 -1392 -1373 -1346 -1297 -1271
-4302 -4296 -4284 -4276 -4254 -4246 -4237 -4210 -4190 -4177 -4159 -4146 -4133 -4126 -4105 -4096 -4074 -4067 -4051 -4028 -4021 -3990 -3966 -3950 -3928 -3902 -3883 -3853 -3829 -3800 -3783 -3743 -3631 -3480 -3361 -3265 -3182 -3126 -3104 -3067 -2976 -2861 -2760 -2676 -2612 -2570 -2563 -2565 -2565 -2553 -2536 -2508 -2477 -2436 -2398 -2360 -2337 -2312 -2288 -2245 -2191 -2110 -2033 -2031 -2153 -2104 -2029 -1943 -1842 -1711 -1566 -1510 -1475 -1442 -1406 -1377 -1346 -1306 -1276
-4294 -4284 -4274 -4263 -4248 -4238 -4229 -4212 -4195 -4182 -4165 -4148 -4135 -4122 -4100 -4082 -4071 -4059 -4045 -4030 -4019 -4000 -3975 -3957 -3935 -3912 -3889 -3866 -3842 -3810 -3798 -3779 -3658 -3533 -3423 -3327 -3241 -3181 -3151 -3102 -3017 -2906 -2820 -2747 -2692 -2660 -2665 -2671 -2670 -2658 -2652 -2647 -2621 -2600 -2546 -2512 -2473 -2449 -2420 -2387 -2321 -2255 -2146 -2089 -2125 -2075 -2001 -1917 -1816 -1691 -1576 -1537 -1504 -1464 -1434 -1397 -1360 -1320 -1287
-4286 -4270 -4263 -4255 -4238 -4232 -4230 -4209 -4195 -4190 -4176 -4149 -4139 -4123 -4092 -4073 -4069 -4055 -4046 -4026 -4022 -4008 -3979 -3968 -3948 -3922 -3900 -3876 -3863 -3827 -3816 -3770 -3678 -3572 -3471 -3378 -3291 -3243 -3210 -3156 -3075 -2983 -2898 -2834 -2795 -2788 -2805 -2823 -2812 -2793 -2784 -2777 -2757 -2725 -2677 -2637 -2610 -2591 -2552 -2502 -2428 -2346 -2247 -2164 -2105 -2056 -1984 -1902 -1815 -1715 -1621 -1563 -1529 -1494 -1462 -1422 -1386 -1344 -1308
-4279 -4269 -4261 -4255 -4244 -4235 -4230 -4214 -4202 -4195 -4181 -4161 -4148 -4135 -4118 -4105 -4092 -4065 -4052 -4028 -4024 -4002 -3989 -3979 -3957 -3946 -3928 -3908 -3895 -3870 -3842 -3774 -3694 -3601 -3508 -3419 -3339 -3332 -3274 -3213 -3131 -3057 -2972 -2916 -2888 -2904 -2934 -2979 -2953 -2925 -2912 -2899 -2867 -2827 -2770 -2723 -2699 -2690 -2623 -2564 -2472 -2392 -2298 -2207 -2074 -2043 -1974 -1901 -1825 -1743 -1665 -1590 -1551 -1523 -1484 -1447 -1409 -1376 -1341
-4271 -4263 -4260 -4252 -4243 -4232 -4226 -4214 -4202 -4192 -4180 -4165 -4148 -4139 -4125 -4111 -4096 -4075 -4059 -4037 -4017 -3999 -3981 -3975 -3960 -3948 -3933 -3917 -3911 -3874 -3860 -3795 -3717 -3631 -3537 -3453 -3369 -3346 -3301 -3237 -3167 -3095 -3027 -2975 -2956 -2969 -3010 -3049 -3058 -3047 -3025 -2992 -2945 -2889 -2825 -2765 -2715 -2663 -2592 -2513 -2435 -2359 -2282 -2194 -2096 -2028 -1976 -1907 -1837 -1768 -1697 -1626 -1577 -1547 -1512 -1472 -1434 -1400 -1370
-4259 -4250 -4248 -4246 -4239 -4229 -4222 -4213 -4202 -4190 -4181 -4164 -4144 -4134 -4124 -4114 -4091 -4074 -4049 -4038 -4017 -4000 -3983 -3975 -3958 -3941 -3924 -3914 -3907 -3882 -3866 -3831 -3740 -3656 -3564 -3478 -3395 -3356 -3312 -3258 -3208 -3141 -3087 -3035 -3024 -3025 -3072 -3108 -3142 -3147 -3117 -3066 -3001 -2927 -2850 -2772 -2693 -2606 -2527 -2434 -2374 -2302 -2243 -2173 -2106 -2047 -1974 -1917 -1853 -1788 -1724 -1659 -1604 -1576 -1542 -1503 -1471 -1431 -1396
-4260 -4249 -4246 -4245 -4241 -4232 -4221 -4216 -4201 -4192 -4182 -4168 -4152 -4136 -4128 -4115 -4089 -4076 -4048 -4037 -4024 -4007 -3987 -3970 -3957 -3942 -3926 -3907 -3903 -3889 -3862 -3850 -3772 -3681 -3590 -3504 -3420 -3345 -3322 -3317 -3282 -3228 -3176 -3139 -3127 -3136 -3163 -3194 -3218 -3219 -3188 -3127 -3044 -2951 -2861 -2770 -2676 -2582 -2498 -2419 -2348 -2280 -2213 -2150 -2091 -2029 -1958 -1929 -1870 -1810 -1750 -1690 -1632 -1600 -1571 -1536 -1498 -1461 -1426
-4263 -4253 -4243 -4241 -4240 -4229 -4222 -4216 -4207 -4199 -4189 -4177 -4159 -4141 -4132 -4114 -4094 -4078 -4068 -4052 -4034 -4003 -3972 -3950 -3947 -3934 -3915 -3901 -3886 -3878 -3859 -3848 -3804 -3706 -3613 -3526 -3441 -3361 -3320 -3389 -3360 -3317 -3269 -3243 -3234 -3248 -3257 -3276 -3282 -3275 -3239 -3176 -3080 -2972 -2878 -2780 -2680 -2583 -2502 -2430 -2345 -2269 -2190 -2123 -2070 -2021 -1976 -1943 -1888 -1831 -1775 -1719 -1663 -1628 -1592 -1559 -1526 -1488 -1450
-4265 -4263 -4253 -4246 -4245 -4235 -4226 -4218 -4212 -4206 -4195 -4189 -4165 -4145 -4139 -4126 -4112 -4093 -4086 -4069 -4044 -4017 -3966 -3915 -3929 -3921 -3908 -3889 -3880 -3871 -3860 -3849 -3834 -3727 -3629 -3539 -3452 -3370 -3315 -3389 -3406 -3376 -3343 -3321 -3314 -3318 -3324 -3329 -3326 -3309 -3269 -3205 -3116 -3016 -2918 -2818 -2716 -2617 -2530 -2443 -2344 -2248 -2166 -2103 -2054 -2016 -1989 -1959 -1906 -1853 -1799 -1745 -1689 -1662 -1623 -1584 -1546 -1509 -1473
-4266 -4264 -4255 -4250 -4246 -4239 -4229 -4223 -4215 -4207 -4198 -4191 -4175 -4153 -4145 -4133 -4128 -4112 -4095 -4081 -4052 -4010 -3953 -3894 -3891 -3900 -3890 -3879 -3863 -3855 -3850 -3841 -3837 -3743 -3638 -3547 -3462 -3380 -3322 -3442 -3458 -3422 -3402 -3381 -3372 -3368 -3368 -3364 -3353 -3329 -3287 -3228 -3151 -3067 -2981 -2887 -2787 -2679 -2591 -2486 -2362 -2235 -2150 -2091 -2049 -2018 -2002 -1975 -1926 -1876 -1825 -1772 -1720 -1690 -1653 -1610 -1570 -1531 -1489
-4269 -4267 -4265 -4253 -4247 -4243 -4235 -4231 -4219 -4211 -4203 -4195 -4183 -4163 -4152 -4146 -4136 -4127 -4105 -4095 -4049 -3998 -3932 -3875 -3838 -3872 -3875 -3869 -3855 -3849 -3841 -3838 -3834 -3742 -3637 -3545 -3459 -3377 -3323 -3472 -3521 -3497 -3466 -3440 -3422 -3410 -3402 -3392 -3371 -3339 -3297 -3245 -3186 -3124 -3063 -2989 -2893 -2788 -2686 -2567 -2413 -2261 -2155 -2090 -2060 -2045 -2024 -1993 -1948 -1900 -1850 -1800 -1749 -1716 -1684 -1649 -1601 -1555 -1521
-4268 -4267 -4262 -4250 -4246 -4238 -4232 -4229 -4222 -4216 -4210 -4192 -4184 -4172 -4159 -4149 -4139 -4128 -4105 -4100 -4064 -3996 -3918 -3838 -3808 -3836 -3857 -3856 -3848 -3833 -3823 -3817 -3820 -3717 -3625 -3539 -3456 -3377 -3431 -3590 -3589 -3552 -3519 -3490 -3465 -3444 -3430 -3413 -3382 -3346 -3308 -3266 -3226 -3182 -3150 -3101 -3003 -2894 -2788 -2671 -2489 -2310 -2191 -2109 -2081 -2076 -2048 -2015 -1971 -1925 -1877 -1826 -1775 -1745 -1709 -1675 -1630 -1587 -1552
-4269 -4263 -4254 -4246 -4243 -4234 -4232 -4232 -4224 -4219 -4208 -4200 -4193 -4182 -4169 -4160 -4148 -4128 -4114 -4099 -4058 -4015 -3923 -3849 -3779 -3796 -3837 -3844 -3839 -3826 -3814 -3809 -3791 -3690 -3604 -3524 -3445 -3369 -3458 -3579 -3610 -3587 -3558 -3530 -3504 -3478 -3452 -3424 -3390 -3355 -3326 -3301 -3278 -3255 -3225 -3176 -3087 -2979 -2861 -2729 -2573 -2414 -2275 -2168 -2105 -2077 -2065 -2037 -1998 -1955 -1907 -1852 -1803 -1772 -1736 -1696 -1660 -1623 -1588
-4268 -4265 -4254 -4246 -4241 -4233 -4232 -4230 -4221 -4215 -4212 -4208 -4200 -4190 -4175 -4165 -4151 -4131 -4115 -4103 -4057 -4019 -3910 -3836 -3767 -3746 -3802 -3818 -3822 -3817 -3813 -3803 -3736 -3667 -3580 -3503 -3428 -3358 -3457 -3586 -3622 -3599 -3582 -3560 -3534 -3507 -3473 -3437 -3403 -3371 -3353 -3340 -3327 -3313 -3277 -3229 -3140 -3037 -2915 -2785 -2659 -2530 -2379 -2246 -2144 -2081 -2088 -2063 -2028 -1990 -1945 -1894 -1828 -1798 -1762 -1715 -1696 -1656 -1623
-4272 -4270 -4258 -4248 -4244 -4236 -4232 -4230 -4223 -4216 -4214 -4210 -4202 -4194 -4184 -4167 -4159 -4138 -4121 -4108 -4069 -4015 -3923 -3832 -3780 -3734 -3767 -3797 -3804 -3808 -3805 -3799 -3712 -3635 -3556 -3479 -3408 -3352 -3466 -3605 -3644 -3622 -3598 -3577 -3554 -3527 -3495 -3461 -3431 -3406 -3390 -3378 -3362 -3338 -3297 -3240 -3166 -3072 -2963 -2848 -2739 -2622 -2481 -2339 -2222 -2140 -2104 -2091 -2061 -2028 -1990 -1944 -1872 -1843 -1803 -1784 -1729 -1700 -1680
-4271 -4266 -4255 -4241 -4234 -4225 -4222 -4218 -4215 -4210 -4206 -4203 -4193 -4188 -4178 -4163 -4150 -4133 -4113 -4082 -4050 -3973 -3938 -3830 -3799 -3734 -3753 -3774 -3767 -3780 -3788 -3775 -3672 -3599 -3527 -3456 -3385 -3343 -3511 -3670 -3667 -3626 -3605 -3588 -3570 -3546 -3519 -3489 -3464 -3445 -3430 -3414 -3390 -3354 -3312 -3251 -3200 -3117 -3022 -2911 -2820 -2719 -2588 -2450 -2341 -2244 -2191 -2120 -2098 -2073 -2044 -2012 -1964 -1897 -1854 -1815 -1780 -1766 -1773
-4279 -4276 -4265 -4259 -4247 -4239 -4233 -4229 -4223 -4218 -4212 -4209 -4200 -4193 -4183 -4165 -4152 -4133 -4110 -4081 -4036 -3982 -3938 -3877 -3837 -3809 -3800 -3801 -3797 -3793 -3792 -3782 -3757 -3725 -3689 -3650 -3608 -3566 -3598 -3656 -3659 -3632 -3612 -3600 -3588 -3570 -3545 -3519 -3497 -3481 -3468 -3450 -3419 -3382 -3348 -3311 -3266 -3200 -3104 -2999 -2904 -2809 -2703 -2597 -2503 -2425 -2364 -2336 -2287 -2235 -2180 -2116 -2048 -1990 -1959 -1891 -1897 -1844 -1786
-4228 -4219 -4212 -4180 -4178 -4155 -4164 -4158 -4195 -4225 -4223 -4220 -4209 -4194 -4168 -4132 -4124 -4099 -4079 -4031 -3988 -3915 -3864 -3778 -3750 -3688 -3695 -3699 -3856 -3849 -3838 -3826 -3811 -3790 -3763 -3732 -3701 -3690 -3667 -3660 -3649 -3627 -3618 -3610 -3602 -3592 -3567 -3542 -3522 -3508 -3497 -3481 -3444 -3407 -3386 -3371 -3332 -3283 -3181 -3077 -2989 -2903 -2817 -2736 -2661 -2605 -2515 -2451 -2398 -2344 -2282 -2220 -2145 -2126 -2071 -2101 -1970 -1863 -1814
-4201 -4197 -4182 -4156 -4136 -4119 -4122 -4135 -4167 -4196 -4212 -4216 -4209 -4191 -4163 -4135 -4118 -4100 -4074 -4032 -3977 -3910 -3842 -3774 -3719 -3665 -3643 -3710 -3904 -3891 -3875 -3859 -3839 -3816 -3791 -3761 -3731 -3712 -3693 -3675 -3657 -3639 -3626 -3617 -3608 -3596 -3576 -3556 -3539 -3525 -3511 -3490 -3457 -3427 -3410 -3392 -3355 -3300 -3225 -3146 -3069 -2993 -2913 -2837 -2766 -2694 -2604 -2517 -2468 -2419 -2369 -2326 -2310 -2273 -2190 -2110 -2030 -1984 -1943
-4197 -4194 -4176 -4153 -4126 -4107 -4111 -4128 -4148 -4167 -4191 -4204 -4202 -4189 -4166 -4143 -4125 -4111 -4085 -4050 -3989 -3924 -3853 -3794 -3732 -3688 -3624 -3656 -3951 -3933 -3914 -3894 -3871 -3847 -3820 -3787 -3733 -3694 -3691 -3687 -3667 -3649 -3632 -3618 -3606 -3593 -3577 -3559 -3544 -3530 -3513 -3492 -3461 -3432 -3419 -3399 -3352 -3291 -3237 -3185 -3123 -3065 -2985 -2907 -2837 -2758 -2670 -2587 -2543 -2499 -2457 -2423 -2407 -2269 -2212 -2177 -2121 -2102 -2019
-4199 -4192 -4177 -4156 -4132 -4117 -4119 -4131 -4144 -4158 -4175 -4188 -4192 -4186 -4171 -4151 -4129 -4110 -4087 -4054 -3997 -3929 -3859 -3796 -3736 -3679 -3640 -3730 -3998 -3976 -3954 -3931 -3906 -3877 -3786 -3739 -3709 -3690 -3683 -3677 -3663 -3646 -3628 -3613 -3599 -3586 -3572 -3557 -3541 -3525 -3506 -3483 -3457 -3434 -3419 -3393 -3341 -3280 -3228 -3183 -3137 -3088 -3029 -2966 -2902 -2826 -2737 -2658 -2620 -2580 -2533 -2475 -2438 -2327 -2270 -2238 -2287 -2204 -2092
